1, 520
2, 540
3, 560
4, 580
5, 600
6, 620
7, 640
8, 660
9, 680
10, 700
11, 720
12, 740
13, 760
14, 780
15, 800
16, 820
17, 840
18, 860
19, 880
20, 900
21, 920
22, 940
23, 960
24, 980
25, 1000
26, 1020
27, 1040
28, 1060
29, 1080
30, 1100
31, 1120
32, 1140
33, 1160
34, 1180
35, 1200
36, 1220
37, 1240
38, 1260
39, 1280
40, 1300
41, 1320
42, 1340
43, 1360
44, 1380
45, 1400
46, 1420
47, 1440
48, 1460
49, 1480
50, 1500
51, 1520
52, 1540
53, 1560
54, 1580
55, 1600
56, 1620
57, 1640
58, 1660
59, 1680
60, 1700
61, 1720
62, 1740
63, 1760
64, 1780
65, 1800
66, 1820
67, 1840
68, 1860
69, 1880
70, 1900
71, 1920
72, 1940
73, 1960
74, 1980
75, 2000
76, 2020
77, 2040
78, 2060
79, 2080
80, 2100
81, 2120
82, 2140
83, 2160
84, 2180
85, 2200
86, 2220
87, 2240
88, 2260
89, 2280
90, 2300
91, 2320
92, 2340
93, 2360
94, 2380
95, 2400
96, 2420
97, 2440
98, 2460
99, 2480
100, 2500
101, 2520
102, 2540
103, 2560
104, 2580
105, 2600
106, 2620
107, 2640
108, 2660
109, 2680
110, 2700
111, 2720
112, 2740
113, 2760
114, 2780
115, 2800
116, 2820
117, 2840
118, 2860
119, 2880
120, 2900
121, 2920
122, 2940
123, 2960
124, 2980
125, 3000
126, 3020
127, 3040
128, 3060
129, 3080
130, 3100
131, 3120
132, 4640
133, 4640
134, 4640
135, 4640
136, 4640
137, 4640
138, 4640
139, 4640
140, 4640
141, 4640
142, 4640
143, 4640
144, 4640
145, 4640
146, 4640
147, 4640
148, 4640
149, 4640
150, 4640
151, 4640
152, 4640
153, 4640
154, 4640
155, 4640
156, 4640
157, 4640
158, 4640
159, 4640
160, 4640
161, 4640
162, 4640
163, 4640
164, 4640
165, 4640
166, 4640
167, 4640
168, 4640
169, 4640
170, 4640
171, 4640
172, 4640
173, 4640
174, 4640
175, 4640
176, 4640
177, 4640
178, 4640
179, 4640
180, 4640
181, 4640
182, 4640
183, 4640
184, 4640
185, 4640
186, 4640
187, 4640
188, 4640
189, 4640
190, 4640
191, 4640
192, 4640
193, 4640
194, 4640
195, 4640
196, 4640
197, 4640
198, 4640
199, 4640
200, 4640
201, 4640
202, 4640
203, 4640
204, 4640
205, 4640
206, 4640
207, 4640
208, 4660
209, 4680
210, 4700
211, 4720
212, 4740
213, 4760
214, 4780
215, 4800
216, 4820
217, 4840
218, 4860
219, 4880
220, 4900
221, 4920
222, 4940
223, 4960
224, 4980
225, 5000
226, 5020
227, 5040
228, 5060
229, 5080
230, 5100
231, 5120
232, 5140
233, 5160
234, 5180
235, 5200
236, 5220
237, 5240
238, 5260
239, 5280
240, 5300
241, 5320
242, 5340
243, 5360
244, 5380
245, 5400
246, 5420
247, 5440
248, 5460
249, 5480
250, 5500
251, 5520
252, 5540
253, 5560
254, 5580
255, 5600
256, 5620
257, 5640
258, 5660
259, 5680
260, 5700
261, 5720
262, 5740
263, 5760
264, 5780
265, 5800
266, 5820
267, 5840
268, 5860
269, 5880
270, 5900
271, 5920
272, 5940
273, 5960
274, 5980
275, 6000
