1, 520
2, 540
3, 560
4, 580
5, 600
6, 620
7, 640
8, 660
9, 680
10, 700
11, 720
12, 740
13, 760
14, 780
15, 800
16, 820
17, 840
18, 860
19, 880
20, 900
21, 920
22, 940
23, 960
24, 980
25, 1000
26, 1020
27, 1040
28, 1060
29, 1080
30, 1100
31, 1120
32, 1140
33, 1160
34, 1180
35, 1200
36, 1220
37, 1240
38, 1260
39, 1280
40, 1300
41, 1320
42, 1340
43, 1360
44, 1380
45, 1400
46, 1420
47, 1440
48, 1460
49, 1480
50, 1500
51, 1520
52, 1540
53, 1560
54, 1580
55, 1600
56, 1620
57, 1640
58, 1660
59, 1680
60, 1700
61, 1720
62, 1740
63, 1760
64, 1780
65, 1800
66, 1820
67, 1840
68, 1860
69, 1880
70, 1900
71, 1920
72, 1940
73, 1960
74, 1980
75, 2000
76, 2020
77, 2040
78, 2060
79, 2080
80, 2100
81, 2120
82, 2140
83, 2160
84, 2180
85, 2200
86, 2220
87, 2240
88, 2260
89, 2280
90, 2300
91, 2320
92, 2340
93, 2360
94, 2380
95, 2400
96, 2420
97, 2440
98, 2460
99, 2480
100, 2500
101, 2520
102, 2540
103, 2560
104, 2580
105, 2600
106, 2620
107, 2640
108, 2660
109, 2680
110, 2700
111, 2720
112, 2740
113, 2760
114, 2780
115, 2800
116, 2820
117, 2840
118, 2860
119, 2880
120, 2900
121, 2920
122, 2940
123, 2960
124, 2980
125, 3000
126, 3020
127, 3040
128, 3060
129, 3080
130, 3100
131, 3120
132, 3140
133, 3160
134, 3180
135, 3200
136, 3220
137, 3240
138, 3260
139, 3280
140, 3300
141, 5320
142, 5320
143, 5320
144, 5320
145, 5320
146, 5320
147, 5320
148, 5320
149, 5320
150, 5320
151, 5320
152, 5320
153, 5320
154, 5320
155, 5320
156, 5320
157, 5320
158, 5320
159, 5320
160, 5320
161, 5320
162, 5320
163, 5320
164, 5320
165, 5320
166, 5320
167, 5320
168, 5320
169, 5320
170, 5320
171, 5320
172, 5320
173, 5320
174, 5320
175, 5320
176, 5320
177, 5320
178, 5320
179, 5320
180, 5320
181, 5320
182, 5320
183, 5320
184, 5320
185, 5320
186, 5320
187, 5320
188, 5320
189, 5320
190, 5320
191, 5320
192, 5320
193, 5320
194, 5320
195, 5320
196, 5320
197, 5320
198, 5320
199, 5320
200, 5320
201, 5320
202, 5320
203, 5320
204, 5320
205, 5320
206, 5320
207, 5320
208, 5320
209, 5320
210, 5320
211, 5320
212, 5320
213, 5320
214, 5320
215, 5320
216, 5320
217, 5320
218, 5320
219, 5320
220, 5320
221, 5320
222, 5320
223, 5320
224, 5320
225, 5320
226, 5320
227, 5320
228, 5320
229, 5320
230, 5320
231, 5320
232, 5320
233, 5320
234, 5320
235, 5320
236, 5320
237, 5320
238, 5320
239, 5320
240, 5320
241, 5320
242, 5340
243, 5360
244, 5380
245, 5400
246, 5420
247, 5440
248, 5460
249, 5480
250, 5500
251, 5520
252, 5540
253, 5560
254, 5580
255, 5600
256, 5620
257, 5640
258, 5660
259, 5680
260, 5700
261, 5720
262, 5740
263, 5760
264, 5780
265, 5800
266, 5820
267, 5840
268, 5860
269, 5880
270, 5900
271, 5920
272, 5940
273, 5960
274, 5980
275, 6000
