1, 520
2, 540
3, 560
4, 580
5, 600
6, 620
7, 640
8, 660
9, 680
10, 700
11, 720
12, 740
13, 760
14, 780
15, 800
16, 820
17, 840
18, 860
19, 880
20, 900
21, 920
22, 940
23, 960
24, 980
25, 1000
26, 1020
27, 1040
28, 1060
29, 1080
30, 1100
31, 1120
32, 1140
33, 1160
34, 1180
35, 1200
36, 1220
37, 1240
38, 1260
39, 1280
40, 1300
41, 1320
42, 1340
43, 1360
44, 1380
45, 1400
46, 1420
47, 1440
48, 1460
49, 1480
50, 1500
51, 1520
52, 1540
53, 1560
54, 1580
55, 1600
56, 1620
57, 1640
58, 1660
59, 1680
60, 1700
61, 1720
62, 1740
63, 1760
64, 1780
65, 1800
66, 1820
67, 1840
68, 1860
69, 1880
70, 1900
71, 1920
72, 1940
73, 1960
74, 1980
75, 2000
76, 2020
77, 2040
78, 2060
79, 2080
80, 2100
81, 2120
82, 2140
83, 2160
84, 2180
85, 2200
86, 2220
87, 2240
88, 2260
89, 2280
90, 2300
91, 2320
92, 2340
93, 2360
94, 2380
95, 2400
96, 2420
97, 2440
98, 2460
99, 2480
100, 2500
101, 2520
102, 2540
103, 2560
104, 2580
105, 2600
106, 2620
107, 2640
108, 2660
109, 2680
110, 2700
111, 2720
112, 2740
113, 2760
114, 2780
115, 2800
116, 2820
117, 2840
118, 2860
119, 2880
120, 2900
121, 2920
122, 2940
123, 2960
124, 2980
125, 3000
126, 3020
127, 3040
128, 3060
129, 3080
130, 3100
131, 3120
132, 3140
133, 3160
134, 3180
135, 3200
136, 3220
137, 3240
138, 3260
139, 3280
140, 3300
141, 3320
142, 3340
143, 3360
144, 3380
145, 3400
146, 3420
147, 3440
148, 3460
149, 3480
150, 3500
151, 3520
152, 3540
153, 3560
154, 3580
155, 3600
156, 3620
157, 3640
158, 3660
159, 3680
160, 3700
161, 3720
162, 3740
163, 3760
164, 3780
165, 3800
166, 5820
167, 5820
168, 5820
169, 5820
170, 5820
171, 5820
172, 5820
173, 5820
174, 5820
175, 5820
176, 5820
177, 5820
178, 5820
179, 5820
180, 5820
181, 5820
182, 5820
183, 5820
184, 5820
185, 5820
186, 5820
187, 5820
188, 5820
189, 5820
190, 5820
191, 5820
192, 5820
193, 5820
194, 5820
195, 5820
196, 5820
197, 5820
198, 5820
199, 5820
200, 5820
201, 5820
202, 5820
203, 5820
204, 5820
205, 5820
206, 5820
207, 5820
208, 5820
209, 5820
210, 5820
211, 5820
212, 5820
213, 5820
214, 5820
215, 5820
216, 5820
217, 5820
218, 5820
219, 5820
220, 5820
221, 5820
222, 5820
223, 5820
224, 5820
225, 5820
226, 5820
227, 5820
228, 5820
229, 5820
230, 5820
231, 5820
232, 5820
233, 5820
234, 5820
235, 5820
236, 5820
237, 5820
238, 5820
239, 5820
240, 5820
241, 5820
242, 5820
243, 5820
244, 5820
245, 5820
246, 5820
247, 5820
248, 5820
249, 5820
250, 5820
251, 5820
252, 5820
253, 5820
254, 5820
255, 5820
256, 5820
257, 5820
258, 5820
259, 5820
260, 5820
261, 5820
262, 5820
263, 5820
264, 5820
265, 5820
266, 5820
267, 5840
268, 5860
269, 5880
270, 5900
271, 5920
272, 5940
273, 5960
274, 5980
275, 6000
