1, 520
2, 540
3, 560
4, 580
5, 600
6, 620
7, 640
8, 660
9, 680
10, 700
11, 720
12, 740
13, 760
14, 780
15, 800
16, 820
17, 840
18, 860
19, 880
20, 900
21, 920
22, 940
23, 960
24, 980
25, 1000
26, 1020
27, 1040
28, 1060
29, 1080
30, 1100
31, 1120
32, 1140
33, 1160
34, 1180
35, 1200
36, 1220
37, 1240
38, 1260
39, 1280
40, 1300
41, 1320
42, 1340
43, 1360
44, 1380
45, 1400
46, 1420
47, 1440
48, 1460
49, 1480
50, 1500
51, 1520
52, 1540
53, 1560
54, 1580
55, 1600
56, 1620
57, 1640
58, 1660
59, 1680
60, 1700
61, 1720
62, 1740
63, 1760
64, 1780
65, 1800
66, 1820
67, 1840
68, 1860
69, 1880
70, 1900
71, 1920
72, 1940
73, 1960
74, 1980
75, 2000
76, 2020
77, 2040
78, 2060
79, 2080
80, 2100
81, 2120
82, 2140
83, 2160
84, 2180
85, 2200
86, 2220
87, 2240
88, 2260
89, 2280
90, 2300
91, 2320
92, 2340
93, 2360
94, 2380
95, 2400
96, 2420
97, 2440
98, 2460
99, 2480
100, 2500
101, 2520
102, 2540
103, 4560
104, 4560
105, 4560
106, 4560
107, 4560
108, 4560
109, 4560
110, 4560
111, 4560
112, 4560
113, 4560
114, 4560
115, 4560
116, 4560
117, 4560
118, 4560
119, 4560
120, 4560
121, 4560
122, 4560
123, 4560
124, 4560
125, 4560
126, 4560
127, 4560
128, 4560
129, 4560
130, 4560
131, 4560
132, 4560
133, 4560
134, 4560
135, 4560
136, 4560
137, 4560
138, 4560
139, 4560
140, 4560
141, 4560
142, 4560
143, 4560
144, 4560
145, 4560
146, 4560
147, 4560
148, 4560
149, 4560
150, 4560
151, 4560
152, 4560
153, 4560
154, 4560
155, 4560
156, 4560
157, 4560
158, 4560
159, 4560
160, 4560
161, 4560
162, 4560
163, 4560
164, 4560
165, 4560
166, 4560
167, 4560
168, 4560
169, 4560
170, 4560
171, 4560
172, 4560
173, 4560
174, 4560
175, 4560
176, 4560
177, 4560
178, 4560
179, 4560
180, 4560
181, 4560
182, 4560
183, 4560
184, 4560
185, 4560
186, 4560
187, 4560
188, 4560
189, 4560
190, 4560
191, 4560
192, 4560
193, 4560
194, 4560
195, 4560
196, 4560
197, 4560
198, 4560
199, 4560
200, 4560
201, 4560
202, 4560
203, 4560
204, 4580
205, 4600
206, 4620
207, 4640
208, 4660
209, 4680
210, 4700
211, 4720
212, 4740
213, 4760
214, 4780
215, 4800
216, 4820
217, 4840
218, 4860
219, 4880
220, 4900
221, 4920
222, 4940
223, 4960
224, 4980
225, 5000
226, 5020
227, 5040
228, 5060
229, 5080
230, 5100
231, 5120
232, 5140
233, 5160
234, 5180
235, 5200
236, 5220
237, 5240
238, 5260
239, 5280
240, 5300
241, 5320
242, 5340
243, 5360
244, 5380
245, 5400
246, 5420
247, 5440
248, 5460
249, 5480
250, 5500
251, 5520
252, 5540
253, 5560
254, 5580
255, 5600
256, 5620
257, 5640
258, 5660
259, 5680
260, 5700
261, 5720
262, 5740
263, 5760
264, 5780
265, 5800
266, 5820
267, 5840
268, 5860
269, 5880
270, 5900
271, 5920
272, 5940
273, 5960
274, 5980
275, 6000
