1, 520
2, 540
3, 560
4, 580
5, 600
6, 620
7, 640
8, 660
9, 680
10, 700
11, 720
12, 740
13, 760
14, 780
15, 800
16, 820
17, 840
18, 860
19, 880
20, 900
21, 920
22, 940
23, 960
24, 980
25, 1000
26, 1020
27, 1040
28, 1060
29, 1080
30, 1100
31, 1120
32, 1140
33, 1160
34, 1180
35, 1200
36, 1220
37, 1240
38, 1260
39, 1280
40, 1300
41, 1320
42, 1340
43, 1360
44, 1380
45, 1400
46, 1420
47, 1440
48, 1460
49, 1480
50, 1500
51, 1520
52, 1540
53, 1560
54, 1580
55, 1600
56, 1620
57, 1640
58, 1660
59, 1680
60, 1700
61, 1720
62, 1740
63, 1760
64, 1780
65, 1800
66, 1820
67, 1840
68, 1860
69, 1880
70, 1900
71, 1920
72, 1940
73, 1960
74, 1980
75, 2000
76, 2020
77, 2040
78, 2060
79, 2080
80, 2100
81, 2120
82, 2140
83, 2160
84, 2180
85, 2200
86, 2220
87, 2240
88, 2260
89, 2280
90, 2300
91, 2320
92, 2340
93, 2360
94, 2380
95, 2400
96, 2420
97, 2440
98, 2460
99, 2480
100, 2500
101, 2520
102, 2540
103, 2560
104, 2580
105, 2600
106, 2620
107, 2640
108, 2660
109, 2680
110, 2700
111, 2720
112, 2740
113, 2760
114, 2780
115, 2800
116, 2820
117, 2840
118, 2860
119, 2880
120, 2900
121, 2920
122, 2940
123, 2960
124, 2980
125, 3000
126, 3020
127, 3040
128, 3060
129, 3080
130, 3100
131, 3120
132, 3140
133, 3160
134, 3180
135, 3200
136, 3220
137, 3240
138, 3260
139, 3280
140, 3300
141, 3320
142, 3340
143, 3360
144, 3380
145, 3400
146, 3420
147, 3440
148, 3460
149, 3480
150, 3500
151, 3520
152, 3540
153, 3560
154, 3580
155, 3600
156, 3620
157, 3640
158, 3660
159, 3680
160, 3700
161, 5720
162, 5720
163, 5720
164, 5720
165, 5720
166, 5720
167, 5720
168, 5720
169, 5720
170, 5720
171, 5720
172, 5720
173, 5720
174, 5720
175, 5720
176, 5720
177, 5720
178, 5720
179, 5720
180, 5720
181, 5720
182, 5720
183, 5720
184, 5720
185, 5720
186, 5720
187, 5720
188, 5720
189, 5720
190, 5720
191, 5720
192, 5720
193, 5720
194, 5720
195, 5720
196, 5720
197, 5720
198, 5720
199, 5720
200, 5720
201, 5720
202, 5720
203, 5720
204, 5720
205, 5720
206, 5720
207, 5720
208, 5720
209, 5720
210, 5720
211, 5720
212, 5720
213, 5720
214, 5720
215, 5720
216, 5720
217, 5720
218, 5720
219, 5720
220, 5720
221, 5720
222, 5720
223, 5720
224, 5720
225, 5720
226, 5720
227, 5720
228, 5720
229, 5720
230, 5720
231, 5720
232, 5720
233, 5720
234, 5720
235, 5720
236, 5720
237, 5720
238, 5720
239, 5720
240, 5720
241, 5720
242, 5720
243, 5720
244, 5720
245, 5720
246, 5720
247, 5720
248, 5720
249, 5720
250, 5720
251, 5720
252, 5720
253, 5720
254, 5720
255, 5720
256, 5720
257, 5720
258, 5720
259, 5720
260, 5720
261, 5720
262, 5740
263, 5760
264, 5780
265, 5800
266, 5820
267, 5840
268, 5860
269, 5880
270, 5900
271, 5920
272, 5940
273, 5960
274, 5980
275, 6000
