1, 520
2, 540
3, 560
4, 580
5, 600
6, 620
7, 640
8, 660
9, 680
10, 700
11, 720
12, 740
13, 760
14, 780
15, 800
16, 820
17, 840
18, 860
19, 880
20, 900
21, 920
22, 940
23, 960
24, 980
25, 1000
26, 1020
27, 1040
28, 1060
29, 1080
30, 1100
31, 1120
32, 1140
33, 1160
34, 1180
35, 1200
36, 1220
37, 1240
38, 1260
39, 1280
40, 1300
41, 1320
42, 1340
43, 1360
44, 1380
45, 1400
46, 1420
47, 1440
48, 1460
49, 1480
50, 1500
51, 1520
52, 1540
53, 1560
54, 1580
55, 1600
56, 1620
57, 1640
58, 1660
59, 1680
60, 1700
61, 1720
62, 1740
63, 1760
64, 1780
65, 1800
66, 1820
67, 1840
68, 1860
69, 1880
70, 1900
71, 1920
72, 1940
73, 1960
74, 1980
75, 2000
76, 2020
77, 2040
78, 2060
79, 2080
80, 2100
81, 2120
82, 2140
83, 2160
84, 2180
85, 2200
86, 2220
87, 2240
88, 2260
89, 2280
90, 2300
91, 2320
92, 2340
93, 2360
94, 2380
95, 2400
96, 2420
97, 2440
98, 2460
99, 2480
100, 2500
101, 2520
102, 2540
103, 2560
104, 2580
105, 2600
106, 2620
107, 2640
108, 2660
109, 2680
110, 2700
111, 2720
112, 2740
113, 2760
114, 2780
115, 2800
116, 2820
117, 2840
118, 2860
119, 2880
120, 2900
121, 2920
122, 2940
123, 2960
124, 2980
125, 3000
126, 3020
127, 3040
128, 3060
129, 3080
130, 3100
131, 3120
132, 3140
133, 3160
134, 3180
135, 3200
136, 3220
137, 3240
138, 3260
139, 3280
140, 3300
141, 3320
142, 3340
143, 3360
144, 3380
145, 3400
146, 3420
147, 3440
148, 3460
149, 5480
150, 5480
151, 5480
152, 5480
153, 5480
154, 5480
155, 5480
156, 5480
157, 5480
158, 5480
159, 5480
160, 5480
161, 5480
162, 5480
163, 5480
164, 5480
165, 5480
166, 5480
167, 5480
168, 5480
169, 5480
170, 5480
171, 5480
172, 5480
173, 5480
174, 5480
175, 5480
176, 5480
177, 5480
178, 5480
179, 5480
180, 5480
181, 5480
182, 5480
183, 5480
184, 5480
185, 5480
186, 5480
187, 5480
188, 5480
189, 5480
190, 5480
191, 5480
192, 5480
193, 5480
194, 5480
195, 5480
196, 5480
197, 5480
198, 5480
199, 5480
200, 5480
201, 5480
202, 5480
203, 5480
204, 5480
205, 5480
206, 5480
207, 5480
208, 5480
209, 5480
210, 5480
211, 5480
212, 5480
213, 5480
214, 5480
215, 5480
216, 5480
217, 5480
218, 5480
219, 5480
220, 5480
221, 5480
222, 5480
223, 5480
224, 5480
225, 5480
226, 5480
227, 5480
228, 5480
229, 5480
230, 5480
231, 5480
232, 5480
233, 5480
234, 5480
235, 5480
236, 5480
237, 5480
238, 5480
239, 5480
240, 5480
241, 5480
242, 5480
243, 5480
244, 5480
245, 5480
246, 5480
247, 5480
248, 5480
249, 5480
250, 5500
251, 5520
252, 5540
253, 5560
254, 5580
255, 5600
256, 5620
257, 5640
258, 5660
259, 5680
260, 5700
261, 5720
262, 5740
263, 5760
264, 5780
265, 5800
266, 5820
267, 5840
268, 5860
269, 5880
270, 5900
271, 5920
272, 5940
273, 5960
274, 5980
275, 6000
