1, 520
2, 540
3, 560
4, 580
5, 600
6, 620
7, 640
8, 660
9, 680
10, 700
11, 720
12, 740
13, 760
14, 780
15, 800
16, 820
17, 840
18, 860
19, 880
20, 900
21, 920
22, 940
23, 960
24, 980
25, 1000
26, 1020
27, 1040
28, 1060
29, 1080
30, 1100
31, 1120
32, 1140
33, 1160
34, 1180
35, 1200
36, 1220
37, 1240
38, 1260
39, 1280
40, 1300
41, 1320
42, 1340
43, 1360
44, 1380
45, 1400
46, 1420
47, 1440
48, 1460
49, 1480
50, 1500
51, 1520
52, 1540
53, 1560
54, 1580
55, 1600
56, 1620
57, 1640
58, 1660
59, 1680
60, 1700
61, 1720
62, 1740
63, 1760
64, 1780
65, 1800
66, 1820
67, 1840
68, 1860
69, 1880
70, 1900
71, 1920
72, 1940
73, 1960
74, 1980
75, 2000
76, 2020
77, 2040
78, 2060
79, 2080
80, 2100
81, 2120
82, 2140
83, 2160
84, 2180
85, 2200
86, 2220
87, 2240
88, 2260
89, 2280
90, 2300
91, 2320
92, 2340
93, 2360
94, 2380
95, 2400
96, 2420
97, 2440
98, 2460
99, 2480
100, 2500
101, 2520
102, 2540
103, 2560
104, 4580
105, 4580
106, 4580
107, 4580
108, 4580
109, 4580
110, 4580
111, 4580
112, 4580
113, 4580
114, 4580
115, 4580
116, 4580
117, 4580
118, 4580
119, 4580
120, 4580
121, 4580
122, 4580
123, 4580
124, 4580
125, 4580
126, 4580
127, 4580
128, 4580
129, 4580
130, 4580
131, 4580
132, 4580
133, 4580
134, 4580
135, 4580
136, 4580
137, 4580
138, 4580
139, 4580
140, 4580
141, 4580
142, 4580
143, 4580
144, 4580
145, 4580
146, 4580
147, 4580
148, 4580
149, 4580
150, 4580
151, 4580
152, 4580
153, 4580
154, 4580
155, 4580
156, 4580
157, 4580
158, 4580
159, 4580
160, 4580
161, 4580
162, 4580
163, 4580
164, 4580
165, 4580
166, 4580
167, 4580
168, 4580
169, 4580
170, 4580
171, 4580
172, 4580
173, 4580
174, 4580
175, 4580
176, 4580
177, 4580
178, 4580
179, 4580
180, 4580
181, 4580
182, 4580
183, 4580
184, 4580
185, 4580
186, 4580
187, 4580
188, 4580
189, 4580
190, 4580
191, 4580
192, 4580
193, 4580
194, 4580
195, 4580
196, 4580
197, 4580
198, 4580
199, 4580
200, 4580
201, 4580
202, 4580
203, 4580
204, 4580
205, 4600
206, 4620
207, 4640
208, 4660
209, 4680
210, 4700
211, 4720
212, 4740
213, 4760
214, 4780
215, 4800
216, 4820
217, 4840
218, 4860
219, 4880
220, 4900
221, 4920
222, 4940
223, 4960
224, 4980
225, 5000
226, 5020
227, 5040
228, 5060
229, 5080
230, 5100
231, 5120
232, 5140
233, 5160
234, 5180
235, 5200
236, 5220
237, 5240
238, 5260
239, 5280
240, 5300
241, 5320
242, 5340
243, 5360
244, 5380
245, 5400
246, 5420
247, 5440
248, 5460
249, 5480
250, 5500
251, 5520
252, 5540
253, 5560
254, 5580
255, 5600
256, 5620
257, 5640
258, 5660
259, 5680
260, 5700
261, 5720
262, 5740
263, 5760
264, 5780
265, 5800
266, 5820
267, 5840
268, 5860
269, 5880
270, 5900
271, 5920
272, 5940
273, 5960
274, 5980
275, 6000
