1, 520
2, 540
3, 560
4, 580
5, 600
6, 620
7, 640
8, 660
9, 680
10, 700
11, 720
12, 740
13, 760
14, 780
15, 800
16, 820
17, 840
18, 860
19, 880
20, 900
21, 920
22, 940
23, 960
24, 980
25, 1000
26, 5020
27, 5020
28, 5020
29, 5020
30, 5020
31, 5020
32, 5020
33, 5020
34, 5020
35, 5020
36, 5020
37, 5020
38, 5020
39, 5020
40, 5020
41, 5020
42, 5020
43, 5020
44, 5020
45, 5020
46, 5020
47, 5020
48, 5020
49, 5020
50, 5020
51, 5020
52, 5020
53, 5020
54, 5020
55, 5020
56, 5020
57, 5020
58, 5020
59, 5020
60, 5020
61, 5020
62, 5020
63, 5020
64, 5020
65, 5020
66, 5020
67, 5020
68, 5020
69, 5020
70, 5020
71, 5020
72, 5020
73, 5020
74, 5020
75, 5020
76, 5020
77, 5020
78, 5020
79, 5020
80, 5020
81, 5020
82, 5020
83, 5020
84, 5020
85, 5020
86, 5020
87, 5020
88, 5020
89, 5020
90, 5020
91, 5020
92, 5020
93, 5020
94, 5020
95, 5020
96, 5020
97, 5020
98, 5020
99, 5020
100, 5020
101, 5020
102, 5020
103, 5020
104, 5020
105, 5020
106, 5020
107, 5020
108, 5020
109, 5020
110, 5020
111, 5020
112, 5020
113, 5020
114, 5020
115, 5020
116, 5020
117, 5020
118, 5020
119, 5020
120, 5020
121, 5020
122, 5020
123, 5020
124, 5020
125, 5020
126, 5020
127, 5020
128, 5020
129, 5020
130, 5020
131, 5020
132, 5020
133, 5020
134, 5020
135, 5020
136, 5020
137, 5020
138, 5020
139, 5020
140, 5020
141, 5020
142, 5020
143, 5020
144, 5020
145, 5020
146, 5020
147, 5020
148, 5020
149, 5020
150, 5020
151, 5020
152, 5020
153, 5020
154, 5020
155, 5020
156, 5020
157, 5020
158, 5020
159, 5020
160, 5020
161, 5020
162, 5020
163, 5020
164, 5020
165, 5020
166, 5020
167, 5020
168, 5020
169, 5020
170, 5020
171, 5020
172, 5020
173, 5020
174, 5020
175, 5020
176, 5020
177, 5020
178, 5020
179, 5020
180, 5020
181, 5020
182, 5020
183, 5020
184, 5020
185, 5020
186, 5020
187, 5020
188, 5020
189, 5020
190, 5020
191, 5020
192, 5020
193, 5020
194, 5020
195, 5020
196, 5020
197, 5020
198, 5020
199, 5020
200, 5020
201, 5020
202, 5020
203, 5020
204, 5020
205, 5020
206, 5020
207, 5020
208, 5020
209, 5020
210, 5020
211, 5020
212, 5020
213, 5020
214, 5020
215, 5020
216, 5020
217, 5020
218, 5020
219, 5020
220, 5020
221, 5020
222, 5020
223, 5020
224, 5020
225, 5020
226, 5020
227, 5040
228, 5060
229, 5080
230, 5100
231, 5120
232, 5140
233, 5160
234, 5180
235, 5200
236, 5220
237, 5240
238, 5260
239, 5280
240, 5300
241, 5320
242, 5340
243, 5360
244, 5380
245, 5400
246, 5420
247, 5440
248, 5460
249, 5480
250, 5500
251, 5520
252, 5540
253, 5560
254, 5580
255, 5600
256, 5620
257, 5640
258, 5660
259, 5680
260, 5700
261, 5720
262, 5740
263, 5760
264, 5780
265, 5800
266, 5820
267, 5840
268, 5860
269, 5880
270, 5900
271, 5920
272, 5940
273, 5960
274, 5980
275, 6000
