1, 520
2, 540
3, 560
4, 580
5, 600
6, 620
7, 640
8, 660
9, 680
10, 700
11, 720
12, 740
13, 760
14, 780
15, 800
16, 820
17, 840
18, 860
19, 880
20, 900
21, 920
22, 940
23, 960
24, 980
25, 1000
26, 1020
27, 1040
28, 1060
29, 1080
30, 1100
31, 1120
32, 1140
33, 1160
34, 1180
35, 1200
36, 1220
37, 1240
38, 1260
39, 1280
40, 1300
41, 1320
42, 1340
43, 1360
44, 1380
45, 1400
46, 1420
47, 1440
48, 1460
49, 1480
50, 1500
51, 1520
52, 1540
53, 1560
54, 1580
55, 1600
56, 1620
57, 1640
58, 1660
59, 1680
60, 1700
61, 1720
62, 1740
63, 1760
64, 1780
65, 1800
66, 1820
67, 1840
68, 1860
69, 5880
70, 5880
71, 5880
72, 5880
73, 5880
74, 5880
75, 5880
76, 5880
77, 5880
78, 5880
79, 5880
80, 5880
81, 5880
82, 5880
83, 5880
84, 5880
85, 5880
86, 5880
87, 5880
88, 5880
89, 5880
90, 5880
91, 5880
92, 5880
93, 5880
94, 5880
95, 5880
96, 5880
97, 5880
98, 5880
99, 5880
100, 5880
101, 5880
102, 5880
103, 5880
104, 5880
105, 5880
106, 5880
107, 5880
108, 5880
109, 5880
110, 5880
111, 5880
112, 5880
113, 5880
114, 5880
115, 5880
116, 5880
117, 5880
118, 5880
119, 5880
120, 5880
121, 5880
122, 5880
123, 5880
124, 5880
125, 5880
126, 5880
127, 5880
128, 5880
129, 5880
130, 5880
131, 5880
132, 5880
133, 5880
134, 5880
135, 5880
136, 5880
137, 5880
138, 5880
139, 5880
140, 5880
141, 5880
142, 5880
143, 5880
144, 5880
145, 5880
146, 5880
147, 5880
148, 5880
149, 5880
150, 5880
151, 5880
152, 5880
153, 5880
154, 5880
155, 5880
156, 5880
157, 5880
158, 5880
159, 5880
160, 5880
161, 5880
162, 5880
163, 5880
164, 5880
165, 5880
166, 5880
167, 5880
168, 5880
169, 5880
170, 5880
171, 5880
172, 5880
173, 5880
174, 5880
175, 5880
176, 5880
177, 5880
178, 5880
179, 5880
180, 5880
181, 5880
182, 5880
183, 5880
184, 5880
185, 5880
186, 5880
187, 5880
188, 5880
189, 5880
190, 5880
191, 5880
192, 5880
193, 5880
194, 5880
195, 5880
196, 5880
197, 5880
198, 5880
199, 5880
200, 5880
201, 5880
202, 5880
203, 5880
204, 5880
205, 5880
206, 5880
207, 5880
208, 5880
209, 5880
210, 5880
211, 5880
212, 5880
213, 5880
214, 5880
215, 5880
216, 5880
217, 5880
218, 5880
219, 5880
220, 5880
221, 5880
222, 5880
223, 5880
224, 5880
225, 5880
226, 5880
227, 5880
228, 5880
229, 5880
230, 5880
231, 5880
232, 5880
233, 5880
234, 5880
235, 5880
236, 5880
237, 5880
238, 5880
239, 5880
240, 5880
241, 5880
242, 5880
243, 5880
244, 5880
245, 5880
246, 5880
247, 5880
248, 5880
249, 5880
250, 5880
251, 5880
252, 5880
253, 5880
254, 5880
255, 5880
256, 5880
257, 5880
258, 5880
259, 5880
260, 5880
261, 5880
262, 5880
263, 5880
264, 5880
265, 5880
266, 5880
267, 5880
268, 5880
269, 5880
270, 5900
271, 5920
272, 5940
273, 5960
274, 5980
275, 6000
