1, 520
2, 540
3, 560
4, 580
5, 600
6, 620
7, 640
8, 660
9, 680
10, 700
11, 720
12, 740
13, 760
14, 780
15, 800
16, 820
17, 840
18, 860
19, 880
20, 900
21, 920
22, 940
23, 960
24, 980
25, 1000
26, 1020
27, 1040
28, 1060
29, 1080
30, 1100
31, 1120
32, 1140
33, 1160
34, 1180
35, 1200
36, 1220
37, 1240
38, 1260
39, 1280
40, 1300
41, 1320
42, 1340
43, 1360
44, 1380
45, 1400
46, 1420
47, 1440
48, 1460
49, 1480
50, 1500
51, 1520
52, 1540
53, 1560
54, 1580
55, 1600
56, 1620
57, 1640
58, 1660
59, 1680
60, 1700
61, 1720
62, 1740
63, 1760
64, 1780
65, 1800
66, 1820
67, 1840
68, 1860
69, 1880
70, 1900
71, 1920
72, 1940
73, 1960
74, 1980
75, 2000
76, 2020
77, 2040
78, 2060
79, 2080
80, 2100
81, 2120
82, 2140
83, 2160
84, 2180
85, 2200
86, 2220
87, 2240
88, 2260
89, 2280
90, 2300
91, 2320
92, 2340
93, 2360
94, 2380
95, 2400
96, 2420
97, 2440
98, 2460
99, 2480
100, 2500
101, 2520
102, 2540
103, 2560
104, 2580
105, 2600
106, 2620
107, 2640
108, 2660
109, 2680
110, 2700
111, 2720
112, 2740
113, 2760
114, 2780
115, 2800
116, 2820
117, 2840
118, 2860
119, 2880
120, 2900
121, 2920
122, 2940
123, 2960
124, 2980
125, 3000
126, 3020
127, 3040
128, 3060
129, 3080
130, 3100
131, 3120
132, 3140
133, 3160
134, 3180
135, 3200
136, 3220
137, 3240
138, 3260
139, 3280
140, 3300
141, 3320
142, 3340
143, 3360
144, 3380
145, 3400
146, 3420
147, 3440
148, 3460
149, 3480
150, 3500
151, 3520
152, 3540
153, 3560
154, 3580
155, 3600
156, 3620
157, 3640
158, 3660
159, 3680
160, 3700
161, 3720
162, 3740
163, 3760
164, 3780
165, 3800
166, 3820
167, 3840
168, 3860
169, 3880
170, 3900
171, 3920
172, 3940
173, 6460
174, 6460
175, 6460
176, 6460
177, 6460
178, 6460
179, 6460
180, 6460
181, 6460
182, 6460
183, 6460
184, 6460
185, 6460
186, 6460
187, 6460
188, 6460
189, 6460
190, 6460
191, 6460
192, 6460
193, 6460
194, 6460
195, 6460
196, 6460
197, 6460
198, 6460
199, 6460
200, 6460
201, 6460
202, 6460
203, 6460
204, 6460
205, 6460
206, 6460
207, 6460
208, 6460
209, 6460
210, 6460
211, 6460
212, 6460
213, 6460
214, 6460
215, 6460
216, 6460
217, 6460
218, 6460
219, 6460
220, 6460
221, 6460
222, 6460
223, 6460
224, 6460
225, 6460
226, 6460
227, 6460
228, 6460
229, 6460
230, 6460
231, 6460
232, 6460
233, 6460
234, 6460
235, 6460
236, 6460
237, 6460
238, 6460
239, 6460
240, 6460
241, 6460
242, 6460
243, 6460
244, 6460
245, 6460
246, 6460
247, 6460
248, 6460
249, 6460
250, 6460
251, 6460
252, 6460
253, 6460
254, 6460
255, 6460
256, 6460
257, 6460
258, 6460
259, 6460
260, 6460
261, 6460
262, 6460
263, 6460
264, 6460
265, 6460
266, 6460
267, 6460
268, 6460
269, 6460
270, 6460
271, 6460
272, 6460
273, 6460
274, 6460
275, 6460
