1, 520
2, 540
3, 560
4, 580
5, 600
6, 620
7, 640
8, 660
9, 680
10, 700
11, 720
12, 740
13, 760
14, 780
15, 800
16, 820
17, 840
18, 860
19, 880
20, 900
21, 920
22, 940
23, 960
24, 980
25, 1000
26, 1020
27, 1040
28, 1060
29, 1080
30, 1100
31, 1120
32, 1140
33, 1160
34, 1180
35, 1200
36, 1220
37, 1240
38, 1260
39, 1280
40, 1300
41, 1320
42, 1340
43, 1360
44, 1380
45, 1400
46, 1420
47, 1440
48, 1460
49, 1480
50, 1500
51, 1520
52, 1540
53, 1560
54, 1580
55, 1600
56, 1620
57, 1640
58, 1660
59, 1680
60, 1700
61, 1720
62, 1740
63, 1760
64, 1780
65, 1800
66, 1820
67, 1840
68, 1860
69, 1880
70, 1900
71, 1920
72, 1940
73, 1960
74, 1980
75, 2000
76, 2020
77, 2040
78, 2060
79, 2080
80, 2100
81, 2120
82, 2140
83, 2160
84, 2180
85, 2200
86, 2220
87, 2240
88, 2260
89, 2280
90, 2300
91, 2320
92, 2340
93, 2360
94, 2380
95, 2400
96, 2420
97, 2440
98, 2460
99, 2480
100, 2500
101, 2520
102, 2540
103, 2560
104, 2580
105, 2600
106, 2620
107, 2640
108, 2660
109, 2680
110, 2700
111, 2720
112, 2740
113, 2760
114, 2780
115, 2800
116, 2820
117, 2840
118, 2860
119, 2880
120, 2900
121, 2920
122, 2940
123, 2960
124, 2980
125, 3000
126, 3020
127, 3040
128, 3060
129, 3080
130, 3100
131, 3120
132, 3140
133, 3160
134, 3180
135, 3200
136, 3220
137, 3240
138, 3260
139, 3280
140, 5800
141, 5800
142, 5800
143, 5800
144, 5800
145, 5800
146, 5800
147, 5800
148, 5800
149, 5800
150, 5800
151, 5800
152, 5800
153, 5800
154, 5800
155, 5800
156, 5800
157, 5800
158, 5800
159, 5800
160, 5800
161, 5800
162, 5800
163, 5800
164, 5800
165, 5800
166, 5800
167, 5800
168, 5800
169, 5800
170, 5800
171, 5800
172, 5800
173, 5800
174, 5800
175, 5800
176, 5800
177, 5800
178, 5800
179, 5800
180, 5800
181, 5800
182, 5800
183, 5800
184, 5800
185, 5800
186, 5800
187, 5800
188, 5800
189, 5800
190, 5800
191, 5800
192, 5800
193, 5800
194, 5800
195, 5800
196, 5800
197, 5800
198, 5800
199, 5800
200, 5800
201, 5800
202, 5800
203, 5800
204, 5800
205, 5800
206, 5800
207, 5800
208, 5800
209, 5800
210, 5800
211, 5800
212, 5800
213, 5800
214, 5800
215, 5800
216, 5800
217, 5800
218, 5800
219, 5800
220, 5800
221, 5800
222, 5800
223, 5800
224, 5800
225, 5800
226, 5800
227, 5800
228, 5800
229, 5800
230, 5800
231, 5800
232, 5800
233, 5800
234, 5800
235, 5800
236, 5800
237, 5800
238, 5800
239, 5800
240, 5800
241, 5800
242, 5800
243, 5800
244, 5800
245, 5800
246, 5800
247, 5800
248, 5800
249, 5800
250, 5800
251, 5800
252, 5800
253, 5800
254, 5800
255, 5800
256, 5800
257, 5800
258, 5800
259, 5800
260, 5800
261, 5800
262, 5800
263, 5800
264, 5800
265, 5800
266, 5820
267, 5840
268, 5860
269, 5880
270, 5900
271, 5920
272, 5940
273, 5960
274, 5980
275, 6000
