1, 520
2, 540
3, 560
4, 580
5, 600
6, 620
7, 640
8, 660
9, 680
10, 700
11, 720
12, 740
13, 760
14, 780
15, 800
16, 820
17, 840
18, 860
19, 880
20, 900
21, 920
22, 940
23, 960
24, 980
25, 1000
26, 1020
27, 1040
28, 1060
29, 1080
30, 1100
31, 1120
32, 1140
33, 1160
34, 1180
35, 1200
36, 1220
37, 1240
38, 1260
39, 1280
40, 1300
41, 1320
42, 1340
43, 1360
44, 1380
45, 1400
46, 1420
47, 1440
48, 1460
49, 1480
50, 1500
51, 1520
52, 1540
53, 1560
54, 1580
55, 1600
56, 1620
57, 1640
58, 1660
59, 1680
60, 1700
61, 1720
62, 1740
63, 1760
64, 1780
65, 1800
66, 1820
67, 1840
68, 1860
69, 1880
70, 1900
71, 1920
72, 1940
73, 1960
74, 1980
75, 2000
76, 2020
77, 2040
78, 2060
79, 2080
80, 2100
81, 2120
82, 2140
83, 2160
84, 2180
85, 2200
86, 2220
87, 2240
88, 2260
89, 2280
90, 2300
91, 2320
92, 2340
93, 2360
94, 2380
95, 2400
96, 2420
97, 2440
98, 2460
99, 2480
100, 2500
101, 2520
102, 2540
103, 2560
104, 2580
105, 2600
106, 2620
107, 2640
108, 2660
109, 2680
110, 2700
111, 2720
112, 2740
113, 2760
114, 2780
115, 2800
116, 2820
117, 2840
118, 2860
119, 2880
120, 2900
121, 2920
122, 2940
123, 2960
124, 2980
125, 3000
126, 3020
127, 3040
128, 3060
129, 3080
130, 3100
131, 3120
132, 3140
133, 3160
134, 3180
135, 3200
136, 3220
137, 3240
138, 3260
139, 3280
140, 3300
141, 3320
142, 3340
143, 3360
144, 3380
145, 3400
146, 3420
147, 3440
148, 3460
149, 3480
150, 3500
151, 3520
152, 3540
153, 3560
154, 3580
155, 3600
156, 3620
157, 3640
158, 3660
159, 3680
160, 6200
161, 6200
162, 6200
163, 6200
164, 6200
165, 6200
166, 6200
167, 6200
168, 6200
169, 6200
170, 6200
171, 6200
172, 6200
173, 6200
174, 6200
175, 6200
176, 6200
177, 6200
178, 6200
179, 6200
180, 6200
181, 6200
182, 6200
183, 6200
184, 6200
185, 6200
186, 6200
187, 6200
188, 6200
189, 6200
190, 6200
191, 6200
192, 6200
193, 6200
194, 6200
195, 6200
196, 6200
197, 6200
198, 6200
199, 6200
200, 6200
201, 6200
202, 6200
203, 6200
204, 6200
205, 6200
206, 6200
207, 6200
208, 6200
209, 6200
210, 6200
211, 6200
212, 6200
213, 6200
214, 6200
215, 6200
216, 6200
217, 6200
218, 6200
219, 6200
220, 6200
221, 6200
222, 6200
223, 6200
224, 6200
225, 6200
226, 6200
227, 6200
228, 6200
229, 6200
230, 6200
231, 6200
232, 6200
233, 6200
234, 6200
235, 6200
236, 6200
237, 6200
238, 6200
239, 6200
240, 6200
241, 6200
242, 6200
243, 6200
244, 6200
245, 6200
246, 6200
247, 6200
248, 6200
249, 6200
250, 6200
251, 6200
252, 6200
253, 6200
254, 6200
255, 6200
256, 6200
257, 6200
258, 6200
259, 6200
260, 6200
261, 6200
262, 6200
263, 6200
264, 6200
265, 6200
266, 6200
267, 6200
268, 6200
269, 6200
270, 6200
271, 6200
272, 6200
273, 6200
274, 6200
275, 6200
