1, 520
2, 540
3, 560
4, 580
5, 600
6, 620
7, 640
8, 660
9, 680
10, 700
11, 720
12, 740
13, 760
14, 780
15, 800
16, 820
17, 840
18, 860
19, 880
20, 900
21, 920
22, 940
23, 960
24, 980
25, 1000
26, 1020
27, 1040
28, 1060
29, 1080
30, 1100
31, 1120
32, 1140
33, 1160
34, 1180
35, 1200
36, 1220
37, 1240
38, 1260
39, 1280
40, 1300
41, 1320
42, 1340
43, 1360
44, 1380
45, 1400
46, 1420
47, 1440
48, 1460
49, 1480
50, 1500
51, 1520
52, 1540
53, 1560
54, 1580
55, 1600
56, 1620
57, 1640
58, 1660
59, 1680
60, 1700
61, 1720
62, 1740
63, 1760
64, 1780
65, 1800
66, 1820
67, 1840
68, 1860
69, 1880
70, 1900
71, 1920
72, 1940
73, 1960
74, 1980
75, 2000
76, 2020
77, 2040
78, 2060
79, 2080
80, 2100
81, 2120
82, 2140
83, 2160
84, 2180
85, 2200
86, 2220
87, 2240
88, 2260
89, 2280
90, 2300
91, 2320
92, 2340
93, 2360
94, 2380
95, 2400
96, 2420
97, 2440
98, 2460
99, 2480
100, 2500
101, 2520
102, 2540
103, 2560
104, 2580
105, 2600
106, 2620
107, 2640
108, 2660
109, 2680
110, 2700
111, 2720
112, 2740
113, 2760
114, 2780
115, 2800
116, 2820
117, 2840
118, 2860
119, 2880
120, 2900
121, 2920
122, 2940
123, 2960
124, 2980
125, 3000
126, 3020
127, 3040
128, 3060
129, 3080
130, 3100
131, 3120
132, 3140
133, 3160
134, 3180
135, 3200
136, 3220
137, 3240
138, 3260
139, 3280
140, 3300
141, 3320
142, 3340
143, 3360
144, 3380
145, 3400
146, 3420
147, 3440
148, 3460
149, 3480
150, 3500
151, 3520
152, 3540
153, 3560
154, 3580
155, 3600
156, 3620
157, 3640
158, 3660
159, 3680
160, 3700
161, 3720
162, 3740
163, 3760
164, 3780
165, 3800
166, 6320
167, 6320
168, 6320
169, 6320
170, 6320
171, 6320
172, 6320
173, 6320
174, 6320
175, 6320
176, 6320
177, 6320
178, 6320
179, 6320
180, 6320
181, 6320
182, 6320
183, 6320
184, 6320
185, 6320
186, 6320
187, 6320
188, 6320
189, 6320
190, 6320
191, 6320
192, 6320
193, 6320
194, 6320
195, 6320
196, 6320
197, 6320
198, 6320
199, 6320
200, 6320
201, 6320
202, 6320
203, 6320
204, 6320
205, 6320
206, 6320
207, 6320
208, 6320
209, 6320
210, 6320
211, 6320
212, 6320
213, 6320
214, 6320
215, 6320
216, 6320
217, 6320
218, 6320
219, 6320
220, 6320
221, 6320
222, 6320
223, 6320
224, 6320
225, 6320
226, 6320
227, 6320
228, 6320
229, 6320
230, 6320
231, 6320
232, 6320
233, 6320
234, 6320
235, 6320
236, 6320
237, 6320
238, 6320
239, 6320
240, 6320
241, 6320
242, 6320
243, 6320
244, 6320
245, 6320
246, 6320
247, 6320
248, 6320
249, 6320
250, 6320
251, 6320
252, 6320
253, 6320
254, 6320
255, 6320
256, 6320
257, 6320
258, 6320
259, 6320
260, 6320
261, 6320
262, 6320
263, 6320
264, 6320
265, 6320
266, 6320
267, 6320
268, 6320
269, 6320
270, 6320
271, 6320
272, 6320
273, 6320
274, 6320
275, 6320
