1, 520
2, 540
3, 560
4, 580
5, 600
6, 620
7, 640
8, 660
9, 680
10, 700
11, 720
12, 740
13, 760
14, 780
15, 800
16, 820
17, 840
18, 860
19, 880
20, 900
21, 920
22, 940
23, 960
24, 980
25, 1000
26, 1020
27, 1040
28, 1060
29, 1080
30, 1100
31, 1120
32, 1140
33, 1160
34, 1180
35, 1200
36, 1220
37, 1240
38, 1260
39, 1280
40, 1300
41, 1320
42, 1340
43, 1360
44, 1380
45, 1400
46, 1420
47, 1440
48, 1460
49, 1480
50, 1500
51, 1520
52, 1540
53, 1560
54, 1580
55, 1600
56, 1620
57, 1640
58, 1660
59, 1680
60, 1700
61, 1720
62, 1740
63, 1760
64, 1780
65, 1800
66, 1820
67, 1840
68, 1860
69, 1880
70, 1900
71, 1920
72, 1940
73, 1960
74, 1980
75, 2000
76, 2020
77, 2040
78, 2060
79, 2080
80, 2100
81, 2120
82, 2140
83, 2160
84, 2180
85, 2200
86, 2220
87, 2240
88, 2260
89, 2280
90, 2300
91, 2320
92, 2340
93, 2360
94, 2380
95, 2400
96, 2420
97, 2440
98, 2460
99, 2480
100, 2500
101, 2520
102, 2540
103, 2560
104, 2580
105, 2600
106, 2620
107, 2640
108, 2660
109, 2680
110, 2700
111, 2720
112, 2740
113, 2760
114, 2780
115, 2800
116, 2820
117, 2840
118, 2860
119, 2880
120, 2900
121, 2920
122, 2940
123, 2960
124, 2980
125, 3000
126, 3020
127, 3040
128, 3060
129, 3080
130, 3100
131, 3120
132, 3140
133, 3160
134, 3180
135, 3200
136, 3220
137, 3240
138, 3260
139, 3280
140, 3300
141, 3320
142, 3340
143, 3360
144, 3380
145, 3400
146, 3420
147, 3440
148, 3460
149, 3480
150, 3500
151, 3520
152, 3540
153, 3560
154, 3580
155, 3600
156, 3620
157, 3640
158, 3660
159, 3680
160, 3700
161, 3720
162, 3740
163, 3760
164, 3780
165, 3800
166, 3820
167, 3840
168, 3860
169, 3880
170, 3900
171, 3920
172, 3940
173, 3960
174, 3980
175, 4000
176, 4020
177, 4040
178, 4060
179, 4080
180, 4100
181, 4120
182, 4140
183, 4160
184, 4180
185, 6700
186, 6700
187, 6700
188, 6700
189, 6700
190, 6700
191, 6700
192, 6700
193, 6700
194, 6700
195, 6700
196, 6700
197, 6700
198, 6700
199, 6700
200, 6700
201, 6700
202, 6700
203, 6700
204, 6700
205, 6700
206, 6700
207, 6700
208, 6700
209, 6700
210, 6700
211, 6700
212, 6700
213, 6700
214, 6700
215, 6700
216, 6700
217, 6700
218, 6700
219, 6700
220, 6700
221, 6700
222, 6700
223, 6700
224, 6700
225, 6700
226, 6700
227, 6700
228, 6700
229, 6700
230, 6700
231, 6700
232, 6700
233, 6700
234, 6700
235, 6700
236, 6700
237, 6700
238, 6700
239, 6700
240, 6700
241, 6700
242, 6700
243, 6700
244, 6700
245, 6700
246, 6700
247, 6700
248, 6700
249, 6700
250, 6700
251, 6700
252, 6700
253, 6700
254, 6700
255, 6700
256, 6700
257, 6700
258, 6700
259, 6700
260, 6700
261, 6700
262, 6700
263, 6700
264, 6700
265, 6700
266, 6700
267, 6700
268, 6700
269, 6700
270, 6700
271, 6700
272, 6700
273, 6700
274, 6700
275, 6700
