1, 520
2, 540
3, 560
4, 580
5, 600
6, 620
7, 640
8, 660
9, 680
10, 700
11, 720
12, 740
13, 760
14, 780
15, 800
16, 820
17, 840
18, 860
19, 880
20, 900
21, 920
22, 940
23, 960
24, 980
25, 1000
26, 1020
27, 1040
28, 1060
29, 1080
30, 1100
31, 1120
32, 1140
33, 1160
34, 1180
35, 1200
36, 1220
37, 1240
38, 1260
39, 1280
40, 1300
41, 1320
42, 1340
43, 1360
44, 1380
45, 1400
46, 1420
47, 1440
48, 1460
49, 1480
50, 1500
51, 1520
52, 1540
53, 1560
54, 1580
55, 1600
56, 1620
57, 1640
58, 1660
59, 1680
60, 1700
61, 1720
62, 1740
63, 1760
64, 1780
65, 1800
66, 1820
67, 1840
68, 1860
69, 1880
70, 1900
71, 1920
72, 1940
73, 1960
74, 1980
75, 2000
76, 2020
77, 2040
78, 2060
79, 2080
80, 2100
81, 2120
82, 2140
83, 2160
84, 2180
85, 2200
86, 2220
87, 2240
88, 2260
89, 2280
90, 2300
91, 2320
92, 2340
93, 2360
94, 2380
95, 2400
96, 2420
97, 2440
98, 2460
99, 2480
100, 2500
101, 2520
102, 2540
103, 2560
104, 2580
105, 2600
106, 2620
107, 2640
108, 2660
109, 2680
110, 2700
111, 2720
112, 2740
113, 2760
114, 2780
115, 2800
116, 2820
117, 2840
118, 2860
119, 2880
120, 2900
121, 2920
122, 2940
123, 2960
124, 2980
125, 3000
126, 3020
127, 3040
128, 3060
129, 3080
130, 3100
131, 3120
132, 3140
133, 3160
134, 3180
135, 3200
136, 3220
137, 3240
138, 3260
139, 3280
140, 3300
141, 3320
142, 3340
143, 3360
144, 3380
145, 3400
146, 3420
147, 3440
148, 3460
149, 3480
150, 3500
151, 3520
152, 3540
153, 3560
154, 3580
155, 3600
156, 3620
157, 3640
158, 3660
159, 3680
160, 3700
161, 3720
162, 6240
163, 6240
164, 6240
165, 6240
166, 6240
167, 6240
168, 6240
169, 6240
170, 6240
171, 6240
172, 6240
173, 6240
174, 6240
175, 6240
176, 6240
177, 6240
178, 6240
179, 6240
180, 6240
181, 6240
182, 6240
183, 6240
184, 6240
185, 6240
186, 6240
187, 6240
188, 6240
189, 6240
190, 6240
191, 6240
192, 6240
193, 6240
194, 6240
195, 6240
196, 6240
197, 6240
198, 6240
199, 6240
200, 6240
201, 6240
202, 6240
203, 6240
204, 6240
205, 6240
206, 6240
207, 6240
208, 6240
209, 6240
210, 6240
211, 6240
212, 6240
213, 6240
214, 6240
215, 6240
216, 6240
217, 6240
218, 6240
219, 6240
220, 6240
221, 6240
222, 6240
223, 6240
224, 6240
225, 6240
226, 6240
227, 6240
228, 6240
229, 6240
230, 6240
231, 6240
232, 6240
233, 6240
234, 6240
235, 6240
236, 6240
237, 6240
238, 6240
239, 6240
240, 6240
241, 6240
242, 6240
243, 6240
244, 6240
245, 6240
246, 6240
247, 6240
248, 6240
249, 6240
250, 6240
251, 6240
252, 6240
253, 6240
254, 6240
255, 6240
256, 6240
257, 6240
258, 6240
259, 6240
260, 6240
261, 6240
262, 6240
263, 6240
264, 6240
265, 6240
266, 6240
267, 6240
268, 6240
269, 6240
270, 6240
271, 6240
272, 6240
273, 6240
274, 6240
275, 6240
