1, 520
2, 540
3, 560
4, 580
5, 600
6, 620
7, 640
8, 660
9, 680
10, 700
11, 720
12, 740
13, 760
14, 780
15, 800
16, 820
17, 840
18, 860
19, 880
20, 900
21, 920
22, 940
23, 960
24, 980
25, 1000
26, 1020
27, 1040
28, 1060
29, 1080
30, 1100
31, 1120
32, 1140
33, 1160
34, 1180
35, 1200
36, 1220
37, 1240
38, 1260
39, 1280
40, 1300
41, 1320
42, 1340
43, 1360
44, 1380
45, 1400
46, 1420
47, 1440
48, 1460
49, 1480
50, 1500
51, 1520
52, 1540
53, 1560
54, 1580
55, 1600
56, 1620
57, 1640
58, 1660
59, 1680
60, 1700
61, 1720
62, 1740
63, 1760
64, 1780
65, 1800
66, 1820
67, 1840
68, 1860
69, 1880
70, 1900
71, 1920
72, 1940
73, 1960
74, 1980
75, 2000
76, 2020
77, 2040
78, 2060
79, 2080
80, 2100
81, 2120
82, 2140
83, 2160
84, 2180
85, 2200
86, 2220
87, 2240
88, 2260
89, 2280
90, 2300
91, 2320
92, 2340
93, 2360
94, 2380
95, 2400
96, 2420
97, 2440
98, 2460
99, 2480
100, 2500
101, 2520
102, 2540
103, 2560
104, 2580
105, 2600
106, 2620
107, 2640
108, 2660
109, 2680
110, 2700
111, 2720
112, 2740
113, 2760
114, 2780
115, 2800
116, 2820
117, 2840
118, 2860
119, 2880
120, 2900
121, 2920
122, 2940
123, 2960
124, 2980
125, 3000
126, 3020
127, 3040
128, 3060
129, 3080
130, 3100
131, 3120
132, 3140
133, 3160
134, 3180
135, 3200
136, 3220
137, 3240
138, 3260
139, 3280
140, 3300
141, 3320
142, 3340
143, 3360
144, 3380
145, 3400
146, 3420
147, 3440
148, 3460
149, 3480
150, 3500
151, 3520
152, 3540
153, 3560
154, 3580
155, 3600
156, 3620
157, 3640
158, 3660
159, 3680
160, 3700
161, 3720
162, 3740
163, 3760
164, 3780
165, 3800
166, 3820
167, 3840
168, 3860
169, 3880
170, 3900
171, 3920
172, 3940
173, 3960
174, 3980
175, 4000
176, 4020
177, 4040
178, 4060
179, 4080
180, 4100
181, 6620
182, 6620
183, 6620
184, 6620
185, 6620
186, 6620
187, 6620
188, 6620
189, 6620
190, 6620
191, 6620
192, 6620
193, 6620
194, 6620
195, 6620
196, 6620
197, 6620
198, 6620
199, 6620
200, 6620
201, 6620
202, 6620
203, 6620
204, 6620
205, 6620
206, 6620
207, 6620
208, 6620
209, 6620
210, 6620
211, 6620
212, 6620
213, 6620
214, 6620
215, 6620
216, 6620
217, 6620
218, 6620
219, 6620
220, 6620
221, 6620
222, 6620
223, 6620
224, 6620
225, 6620
226, 6620
227, 6620
228, 6620
229, 6620
230, 6620
231, 6620
232, 6620
233, 6620
234, 6620
235, 6620
236, 6620
237, 6620
238, 6620
239, 6620
240, 6620
241, 6620
242, 6620
243, 6620
244, 6620
245, 6620
246, 6620
247, 6620
248, 6620
249, 6620
250, 6620
251, 6620
252, 6620
253, 6620
254, 6620
255, 6620
256, 6620
257, 6620
258, 6620
259, 6620
260, 6620
261, 6620
262, 6620
263, 6620
264, 6620
265, 6620
266, 6620
267, 6620
268, 6620
269, 6620
270, 6620
271, 6620
272, 6620
273, 6620
274, 6620
275, 6620
