1, 520
2, 540
3, 560
4, 580
5, 600
6, 620
7, 640
8, 660
9, 680
10, 700
11, 720
12, 740
13, 760
14, 780
15, 800
16, 820
17, 840
18, 860
19, 880
20, 900
21, 920
22, 940
23, 960
24, 980
25, 1000
26, 1020
27, 1040
28, 1060
29, 1080
30, 1100
31, 1120
32, 1140
33, 1160
34, 1180
35, 1200
36, 1220
37, 1240
38, 1260
39, 1280
40, 1300
41, 1320
42, 1340
43, 1360
44, 1380
45, 1400
46, 1420
47, 1440
48, 1460
49, 1480
50, 1500
51, 1520
52, 1540
53, 1560
54, 1580
55, 1600
56, 1620
57, 1640
58, 1660
59, 1680
60, 1700
61, 1720
62, 1740
63, 1760
64, 1780
65, 1800
66, 1820
67, 1840
68, 1860
69, 1880
70, 1900
71, 1920
72, 1940
73, 1960
74, 1980
75, 2000
76, 2020
77, 2040
78, 2060
79, 2080
80, 2100
81, 2120
82, 2140
83, 2160
84, 2180
85, 2200
86, 2220
87, 2240
88, 2260
89, 2280
90, 2300
91, 2320
92, 2340
93, 2360
94, 2380
95, 2400
96, 2420
97, 2440
98, 2460
99, 2480
100, 2500
101, 2520
102, 2540
103, 2560
104, 2580
105, 2600
106, 2620
107, 2640
108, 2660
109, 2680
110, 2700
111, 2720
112, 2740
113, 2760
114, 2780
115, 2800
116, 2820
117, 2840
118, 2860
119, 2880
120, 2900
121, 2920
122, 2940
123, 2960
124, 2980
125, 3000
126, 3020
127, 3040
128, 3060
129, 3080
130, 3100
131, 3120
132, 3140
133, 3160
134, 3180
135, 3200
136, 3220
137, 3240
138, 3260
139, 3280
140, 3300
141, 3320
142, 3340
143, 3360
144, 3380
145, 3400
146, 3420
147, 3440
148, 3460
149, 3480
150, 3500
151, 3520
152, 3540
153, 3560
154, 3580
155, 3600
156, 3620
157, 3640
158, 3660
159, 3680
160, 3700
161, 3720
162, 3740
163, 3760
164, 3780
165, 3800
166, 3820
167, 3840
168, 3860
169, 3880
170, 3900
171, 3920
172, 3940
173, 3960
174, 3980
175, 6500
176, 6500
177, 6500
178, 6500
179, 6500
180, 6500
181, 6500
182, 6500
183, 6500
184, 6500
185, 6500
186, 6500
187, 6500
188, 6500
189, 6500
190, 6500
191, 6500
192, 6500
193, 6500
194, 6500
195, 6500
196, 6500
197, 6500
198, 6500
199, 6500
200, 6500
201, 6500
202, 6500
203, 6500
204, 6500
205, 6500
206, 6500
207, 6500
208, 6500
209, 6500
210, 6500
211, 6500
212, 6500
213, 6500
214, 6500
215, 6500
216, 6500
217, 6500
218, 6500
219, 6500
220, 6500
221, 6500
222, 6500
223, 6500
224, 6500
225, 6500
226, 6500
227, 6500
228, 6500
229, 6500
230, 6500
231, 6500
232, 6500
233, 6500
234, 6500
235, 6500
236, 6500
237, 6500
238, 6500
239, 6500
240, 6500
241, 6500
242, 6500
243, 6500
244, 6500
245, 6500
246, 6500
247, 6500
248, 6500
249, 6500
250, 6500
251, 6500
252, 6500
253, 6500
254, 6500
255, 6500
256, 6500
257, 6500
258, 6500
259, 6500
260, 6500
261, 6500
262, 6500
263, 6500
264, 6500
265, 6500
266, 6500
267, 6500
268, 6500
269, 6500
270, 6500
271, 6500
272, 6500
273, 6500
274, 6500
275, 6500
