1, 520
2, 540
3, 560
4, 580
5, 600
6, 620
7, 640
8, 660
9, 680
10, 700
11, 720
12, 740
13, 760
14, 780
15, 800
16, 820
17, 840
18, 860
19, 880
20, 900
21, 920
22, 940
23, 960
24, 980
25, 1000
26, 1020
27, 1040
28, 1060
29, 1080
30, 1100
31, 1120
32, 1140
33, 1160
34, 1180
35, 1200
36, 1220
37, 1240
38, 1260
39, 1280
40, 1300
41, 1320
42, 1340
43, 1360
44, 1380
45, 1400
46, 1420
47, 1440
48, 1460
49, 1480
50, 1500
51, 1520
52, 1540
53, 1560
54, 1580
55, 1600
56, 1620
57, 1640
58, 1660
59, 1680
60, 1700
61, 1720
62, 1740
63, 1760
64, 1780
65, 1800
66, 1820
67, 1840
68, 1860
69, 1880
70, 1900
71, 1920
72, 1940
73, 1960
74, 1980
75, 2000
76, 2020
77, 2040
78, 2060
79, 2080
80, 2100
81, 2120
82, 2140
83, 2160
84, 2180
85, 2200
86, 2220
87, 2240
88, 2260
89, 2280
90, 2300
91, 2320
92, 2340
93, 2360
94, 2380
95, 2400
96, 2420
97, 2440
98, 2460
99, 2480
100, 2500
101, 2520
102, 2540
103, 2560
104, 2580
105, 2600
106, 2620
107, 2640
108, 2660
109, 2680
110, 2700
111, 2720
112, 2740
113, 2760
114, 2780
115, 2800
116, 2820
117, 2840
118, 2860
119, 2880
120, 2900
121, 2920
122, 2940
123, 2960
124, 2980
125, 3000
126, 3020
127, 3040
128, 3060
129, 3080
130, 3100
131, 3120
132, 3140
133, 3160
134, 3180
135, 3200
136, 3220
137, 3240
138, 3260
139, 3280
140, 3300
141, 3320
142, 3340
143, 3360
144, 3380
145, 3400
146, 3420
147, 3440
148, 3460
149, 3480
150, 3500
151, 3520
152, 3540
153, 3560
154, 3580
155, 3600
156, 3620
157, 3640
158, 3660
159, 3680
160, 3700
161, 3720
162, 3740
163, 3760
164, 3780
165, 3800
166, 3820
167, 3840
168, 3860
169, 3880
170, 3900
171, 3920
172, 3940
173, 3960
174, 3980
175, 4000
176, 4020
177, 4040
178, 4060
179, 6580
180, 6580
181, 6580
182, 6580
183, 6580
184, 6580
185, 6580
186, 6580
187, 6580
188, 6580
189, 6580
190, 6580
191, 6580
192, 6580
193, 6580
194, 6580
195, 6580
196, 6580
197, 6580
198, 6580
199, 6580
200, 6580
201, 6580
202, 6580
203, 6580
204, 6580
205, 6580
206, 6580
207, 6580
208, 6580
209, 6580
210, 6580
211, 6580
212, 6580
213, 6580
214, 6580
215, 6580
216, 6580
217, 6580
218, 6580
219, 6580
220, 6580
221, 6580
222, 6580
223, 6580
224, 6580
225, 6580
226, 6580
227, 6580
228, 6580
229, 6580
230, 6580
231, 6580
232, 6580
233, 6580
234, 6580
235, 6580
236, 6580
237, 6580
238, 6580
239, 6580
240, 6580
241, 6580
242, 6580
243, 6580
244, 6580
245, 6580
246, 6580
247, 6580
248, 6580
249, 6580
250, 6580
251, 6580
252, 6580
253, 6580
254, 6580
255, 6580
256, 6580
257, 6580
258, 6580
259, 6580
260, 6580
261, 6580
262, 6580
263, 6580
264, 6580
265, 6580
266, 6580
267, 6580
268, 6580
269, 6580
270, 6580
271, 6580
272, 6580
273, 6580
274, 6580
275, 6580
