1, 520
2, 540
3, 560
4, 580
5, 600
6, 620
7, 640
8, 660
9, 680
10, 700
11, 720
12, 740
13, 760
14, 780
15, 800
16, 820
17, 840
18, 860
19, 880
20, 900
21, 920
22, 940
23, 960
24, 980
25, 1000
26, 1020
27, 1040
28, 1060
29, 1080
30, 1100
31, 1120
32, 1140
33, 1160
34, 1180
35, 1200
36, 1220
37, 1240
38, 1260
39, 1280
40, 1300
41, 1320
42, 1340
43, 1360
44, 1380
45, 1400
46, 1420
47, 1440
48, 1460
49, 1480
50, 1500
51, 1520
52, 1540
53, 1560
54, 1580
55, 1600
56, 1620
57, 1640
58, 1660
59, 1680
60, 1700
61, 1720
62, 1740
63, 1760
64, 1780
65, 1800
66, 1820
67, 1840
68, 1860
69, 1880
70, 1900
71, 1920
72, 1940
73, 1960
74, 1980
75, 2000
76, 2020
77, 2040
78, 2060
79, 2080
80, 2100
81, 2120
82, 2140
83, 2160
84, 2180
85, 2200
86, 2220
87, 2240
88, 2260
89, 2280
90, 2300
91, 2320
92, 2340
93, 2360
94, 2380
95, 2400
96, 2420
97, 2440
98, 2460
99, 2480
100, 2500
101, 2520
102, 2540
103, 2560
104, 2580
105, 2600
106, 2620
107, 2640
108, 2660
109, 2680
110, 2700
111, 2720
112, 2740
113, 2760
114, 2780
115, 2800
116, 2820
117, 2840
118, 2860
119, 2880
120, 2900
121, 2920
122, 2940
123, 2960
124, 2980
125, 3000
126, 3020
127, 3040
128, 3060
129, 3080
130, 3100
131, 3120
132, 3140
133, 3160
134, 3180
135, 3200
136, 3220
137, 3240
138, 3260
139, 3280
140, 3300
141, 3320
142, 3340
143, 3360
144, 3380
145, 3400
146, 3420
147, 3440
148, 3460
149, 3480
150, 3500
151, 3520
152, 3540
153, 3560
154, 6080
155, 6080
156, 6080
157, 6080
158, 6080
159, 6080
160, 6080
161, 6080
162, 6080
163, 6080
164, 6080
165, 6080
166, 6080
167, 6080
168, 6080
169, 6080
170, 6080
171, 6080
172, 6080
173, 6080
174, 6080
175, 6080
176, 6080
177, 6080
178, 6080
179, 6080
180, 6080
181, 6080
182, 6080
183, 6080
184, 6080
185, 6080
186, 6080
187, 6080
188, 6080
189, 6080
190, 6080
191, 6080
192, 6080
193, 6080
194, 6080
195, 6080
196, 6080
197, 6080
198, 6080
199, 6080
200, 6080
201, 6080
202, 6080
203, 6080
204, 6080
205, 6080
206, 6080
207, 6080
208, 6080
209, 6080
210, 6080
211, 6080
212, 6080
213, 6080
214, 6080
215, 6080
216, 6080
217, 6080
218, 6080
219, 6080
220, 6080
221, 6080
222, 6080
223, 6080
224, 6080
225, 6080
226, 6080
227, 6080
228, 6080
229, 6080
230, 6080
231, 6080
232, 6080
233, 6080
234, 6080
235, 6080
236, 6080
237, 6080
238, 6080
239, 6080
240, 6080
241, 6080
242, 6080
243, 6080
244, 6080
245, 6080
246, 6080
247, 6080
248, 6080
249, 6080
250, 6080
251, 6080
252, 6080
253, 6080
254, 6080
255, 6080
256, 6080
257, 6080
258, 6080
259, 6080
260, 6080
261, 6080
262, 6080
263, 6080
264, 6080
265, 6080
266, 6080
267, 6080
268, 6080
269, 6080
270, 6080
271, 6080
272, 6080
273, 6080
274, 6080
275, 6080
