1, 520
2, 540
3, 560
4, 580
5, 600
6, 620
7, 640
8, 660
9, 680
10, 700
11, 720
12, 740
13, 760
14, 780
15, 800
16, 820
17, 840
18, 860
19, 880
20, 900
21, 920
22, 940
23, 960
24, 980
25, 1000
26, 1020
27, 1040
28, 1060
29, 1080
30, 1100
31, 1120
32, 1140
33, 1160
34, 1180
35, 1200
36, 1220
37, 1240
38, 1260
39, 1280
40, 1300
41, 1320
42, 1340
43, 1360
44, 1380
45, 1400
46, 1420
47, 1440
48, 1460
49, 1480
50, 1500
51, 1520
52, 1540
53, 1560
54, 1580
55, 1600
56, 1620
57, 1640
58, 1660
59, 1680
60, 1700
61, 1720
62, 1740
63, 1760
64, 1780
65, 1800
66, 1820
67, 1840
68, 1860
69, 1880
70, 1900
71, 1920
72, 1940
73, 1960
74, 1980
75, 2000
76, 2020
77, 2040
78, 2060
79, 2080
80, 2100
81, 2120
82, 2140
83, 2160
84, 2180
85, 2200
86, 2220
87, 2240
88, 2260
89, 2280
90, 2300
91, 2320
92, 2340
93, 2360
94, 2380
95, 2400
96, 2420
97, 2440
98, 2460
99, 2480
100, 2500
101, 2520
102, 2540
103, 2560
104, 2580
105, 2600
106, 2620
107, 2640
108, 2660
109, 2680
110, 2700
111, 2720
112, 2740
113, 2760
114, 2780
115, 2800
116, 2820
117, 2840
118, 2860
119, 2880
120, 2900
121, 2920
122, 2940
123, 2960
124, 2980
125, 3000
126, 3020
127, 3040
128, 3060
129, 3080
130, 3100
131, 3120
132, 3140
133, 3160
134, 3180
135, 3200
136, 3220
137, 3240
138, 3260
139, 3280
140, 3300
141, 3320
142, 3340
143, 3360
144, 3380
145, 3400
146, 3420
147, 3440
148, 3460
149, 3480
150, 3500
151, 3520
152, 3540
153, 3560
154, 3580
155, 3600
156, 3620
157, 3640
158, 3660
159, 3680
160, 3700
161, 6220
162, 6220
163, 6220
164, 6220
165, 6220
166, 6220
167, 6220
168, 6220
169, 6220
170, 6220
171, 6220
172, 6220
173, 6220
174, 6220
175, 6220
176, 6220
177, 6220
178, 6220
179, 6220
180, 6220
181, 6220
182, 6220
183, 6220
184, 6220
185, 6220
186, 6220
187, 6220
188, 6220
189, 6220
190, 6220
191, 6220
192, 6220
193, 6220
194, 6220
195, 6220
196, 6220
197, 6220
198, 6220
199, 6220
200, 6220
201, 6220
202, 6220
203, 6220
204, 6220
205, 6220
206, 6220
207, 6220
208, 6220
209, 6220
210, 6220
211, 6220
212, 6220
213, 6220
214, 6220
215, 6220
216, 6220
217, 6220
218, 6220
219, 6220
220, 6220
221, 6220
222, 6220
223, 6220
224, 6220
225, 6220
226, 6220
227, 6220
228, 6220
229, 6220
230, 6220
231, 6220
232, 6220
233, 6220
234, 6220
235, 6220
236, 6220
237, 6220
238, 6220
239, 6220
240, 6220
241, 6220
242, 6220
243, 6220
244, 6220
245, 6220
246, 6220
247, 6220
248, 6220
249, 6220
250, 6220
251, 6220
252, 6220
253, 6220
254, 6220
255, 6220
256, 6220
257, 6220
258, 6220
259, 6220
260, 6220
261, 6220
262, 6220
263, 6220
264, 6220
265, 6220
266, 6220
267, 6220
268, 6220
269, 6220
270, 6220
271, 6220
272, 6220
273, 6220
274, 6220
275, 6220
