1, 520
2, 540
3, 560
4, 580
5, 600
6, 620
7, 640
8, 660
9, 680
10, 700
11, 720
12, 740
13, 760
14, 780
15, 800
16, 820
17, 840
18, 860
19, 880
20, 900
21, 920
22, 940
23, 960
24, 980
25, 1000
26, 1020
27, 1040
28, 1060
29, 1080
30, 1100
31, 1120
32, 1140
33, 1160
34, 1180
35, 1200
36, 1220
37, 1240
38, 1260
39, 1280
40, 1300
41, 1320
42, 1340
43, 1360
44, 1380
45, 1400
46, 1420
47, 1440
48, 1460
49, 1480
50, 1500
51, 1520
52, 1540
53, 1560
54, 1580
55, 1600
56, 1620
57, 1640
58, 1660
59, 1680
60, 1700
61, 1720
62, 1740
63, 1760
64, 1780
65, 1800
66, 1820
67, 1840
68, 1860
69, 1880
70, 1900
71, 1920
72, 1940
73, 1960
74, 1980
75, 2000
76, 2020
77, 2040
78, 2060
79, 2080
80, 2100
81, 2120
82, 2140
83, 2160
84, 2180
85, 2200
86, 2220
87, 2240
88, 2260
89, 2280
90, 2300
91, 2320
92, 2340
93, 2360
94, 2380
95, 2400
96, 2420
97, 2440
98, 2460
99, 2480
100, 2500
101, 2520
102, 2540
103, 2560
104, 2580
105, 2600
106, 2620
107, 2640
108, 2660
109, 2680
110, 2700
111, 2720
112, 2740
113, 2760
114, 2780
115, 2800
116, 2820
117, 2840
118, 2860
119, 2880
120, 2900
121, 2920
122, 2940
123, 2960
124, 2980
125, 3000
126, 3020
127, 3040
128, 3060
129, 3080
130, 3100
131, 3120
132, 3140
133, 3160
134, 3180
135, 3200
136, 3220
137, 3240
138, 3260
139, 3280
140, 3300
141, 3320
142, 3340
143, 3360
144, 3380
145, 3400
146, 3420
147, 3440
148, 3460
149, 3480
150, 3500
151, 3520
152, 3540
153, 3560
154, 3580
155, 3600
156, 6120
157, 6120
158, 6120
159, 6120
160, 6120
161, 6120
162, 6120
163, 6120
164, 6120
165, 6120
166, 6120
167, 6120
168, 6120
169, 6120
170, 6120
171, 6120
172, 6120
173, 6120
174, 6120
175, 6120
176, 6120
177, 6120
178, 6120
179, 6120
180, 6120
181, 6120
182, 6120
183, 6120
184, 6120
185, 6120
186, 6120
187, 6120
188, 6120
189, 6120
190, 6120
191, 6120
192, 6120
193, 6120
194, 6120
195, 6120
196, 6120
197, 6120
198, 6120
199, 6120
200, 6120
201, 6120
202, 6120
203, 6120
204, 6120
205, 6120
206, 6120
207, 6120
208, 6120
209, 6120
210, 6120
211, 6120
212, 6120
213, 6120
214, 6120
215, 6120
216, 6120
217, 6120
218, 6120
219, 6120
220, 6120
221, 6120
222, 6120
223, 6120
224, 6120
225, 6120
226, 6120
227, 6120
228, 6120
229, 6120
230, 6120
231, 6120
232, 6120
233, 6120
234, 6120
235, 6120
236, 6120
237, 6120
238, 6120
239, 6120
240, 6120
241, 6120
242, 6120
243, 6120
244, 6120
245, 6120
246, 6120
247, 6120
248, 6120
249, 6120
250, 6120
251, 6120
252, 6120
253, 6120
254, 6120
255, 6120
256, 6120
257, 6120
258, 6120
259, 6120
260, 6120
261, 6120
262, 6120
263, 6120
264, 6120
265, 6120
266, 6120
267, 6120
268, 6120
269, 6120
270, 6120
271, 6120
272, 6120
273, 6120
274, 6120
275, 6120
