1, 520
2, 540
3, 560
4, 580
5, 600
6, 620
7, 640
8, 660
9, 680
10, 700
11, 720
12, 740
13, 760
14, 780
15, 800
16, 820
17, 840
18, 860
19, 880
20, 900
21, 920
22, 940
23, 960
24, 980
25, 1000
26, 1020
27, 1040
28, 1060
29, 1080
30, 1100
31, 1120
32, 1140
33, 1160
34, 1180
35, 1200
36, 1220
37, 1240
38, 1260
39, 1280
40, 1300
41, 1320
42, 1340
43, 1360
44, 1380
45, 1400
46, 1420
47, 1440
48, 1460
49, 1480
50, 1500
51, 1520
52, 1540
53, 1560
54, 1580
55, 1600
56, 1620
57, 1640
58, 1660
59, 1680
60, 1700
61, 1720
62, 1740
63, 1760
64, 1780
65, 1800
66, 1820
67, 1840
68, 1860
69, 1880
70, 1900
71, 1920
72, 1940
73, 1960
74, 1980
75, 2000
76, 2020
77, 2040
78, 2060
79, 2080
80, 2100
81, 2120
82, 2140
83, 2160
84, 2180
85, 2200
86, 2220
87, 2240
88, 2260
89, 2280
90, 2300
91, 2320
92, 2340
93, 2360
94, 2380
95, 2400
96, 2420
97, 2440
98, 2460
99, 2480
100, 2500
101, 2520
102, 2540
103, 2560
104, 2580
105, 2600
106, 2620
107, 2640
108, 2660
109, 2680
110, 2700
111, 2720
112, 2740
113, 2760
114, 2780
115, 2800
116, 2820
117, 2840
118, 2860
119, 2880
120, 2900
121, 2920
122, 2940
123, 2960
124, 2980
125, 3000
126, 3020
127, 3040
128, 3060
129, 3080
130, 3100
131, 3120
132, 3140
133, 3160
134, 3180
135, 3200
136, 3220
137, 3240
138, 3260
139, 3280
140, 3300
141, 3320
142, 3340
143, 3360
144, 3380
145, 3400
146, 3420
147, 3440
148, 3460
149, 3480
150, 3500
151, 3520
152, 3540
153, 3560
154, 3580
155, 3600
156, 3620
157, 3640
158, 3660
159, 3680
160, 3700
161, 3720
162, 3740
163, 3760
164, 3780
165, 6300
166, 6300
167, 6300
168, 6300
169, 6300
170, 6300
171, 6300
172, 6300
173, 6300
174, 6300
175, 6300
176, 6300
177, 6300
178, 6300
179, 6300
180, 6300
181, 6300
182, 6300
183, 6300
184, 6300
185, 6300
186, 6300
187, 6300
188, 6300
189, 6300
190, 6300
191, 6300
192, 6300
193, 6300
194, 6300
195, 6300
196, 6300
197, 6300
198, 6300
199, 6300
200, 6300
201, 6300
202, 6300
203, 6300
204, 6300
205, 6300
206, 6300
207, 6300
208, 6300
209, 6300
210, 6300
211, 6300
212, 6300
213, 6300
214, 6300
215, 6300
216, 6300
217, 6300
218, 6300
219, 6300
220, 6300
221, 6300
222, 6300
223, 6300
224, 6300
225, 6300
226, 6300
227, 6300
228, 6300
229, 6300
230, 6300
231, 6300
232, 6300
233, 6300
234, 6300
235, 6300
236, 6300
237, 6300
238, 6300
239, 6300
240, 6300
241, 6300
242, 6300
243, 6300
244, 6300
245, 6300
246, 6300
247, 6300
248, 6300
249, 6300
250, 6300
251, 6300
252, 6300
253, 6300
254, 6300
255, 6300
256, 6300
257, 6300
258, 6300
259, 6300
260, 6300
261, 6300
262, 6300
263, 6300
264, 6300
265, 6300
266, 6300
267, 6300
268, 6300
269, 6300
270, 6300
271, 6300
272, 6300
273, 6300
274, 6300
275, 6300
