1, 520
2, 540
3, 560
4, 580
5, 600
6, 620
7, 640
8, 660
9, 680
10, 700
11, 720
12, 740
13, 760
14, 780
15, 800
16, 820
17, 840
18, 860
19, 880
20, 900
21, 920
22, 940
23, 960
24, 980
25, 1000
26, 1020
27, 1040
28, 1060
29, 1080
30, 1100
31, 1120
32, 1140
33, 1160
34, 1180
35, 1200
36, 1220
37, 1240
38, 1260
39, 1280
40, 1300
41, 1320
42, 1340
43, 1360
44, 1380
45, 1400
46, 1420
47, 1440
48, 1460
49, 1480
50, 1500
51, 1520
52, 1540
53, 1560
54, 1580
55, 1600
56, 1620
57, 1640
58, 1660
59, 1680
60, 1700
61, 1720
62, 1740
63, 1760
64, 1780
65, 1800
66, 1820
67, 1840
68, 1860
69, 1880
70, 1900
71, 1920
72, 1940
73, 1960
74, 1980
75, 2000
76, 2020
77, 2040
78, 2060
79, 2080
80, 2100
81, 2120
82, 2140
83, 2160
84, 2180
85, 2200
86, 2220
87, 2240
88, 2260
89, 2280
90, 2300
91, 2320
92, 2340
93, 2360
94, 2380
95, 2400
96, 2420
97, 2440
98, 2460
99, 2480
100, 2500
101, 2520
102, 2540
103, 2560
104, 2580
105, 2600
106, 2620
107, 2640
108, 2660
109, 2680
110, 2700
111, 2720
112, 2740
113, 2760
114, 2780
115, 2800
116, 2820
117, 2840
118, 2860
119, 2880
120, 2900
121, 2920
122, 2940
123, 2960
124, 2980
125, 3000
126, 3020
127, 3040
128, 3060
129, 3080
130, 3100
131, 3120
132, 3140
133, 3160
134, 3180
135, 3200
136, 3220
137, 3240
138, 3260
139, 3280
140, 3300
141, 3320
142, 3340
143, 3360
144, 3380
145, 3400
146, 3420
147, 3440
148, 3460
149, 3480
150, 3500
151, 3520
152, 6040
153, 6040
154, 6040
155, 6040
156, 6040
157, 6040
158, 6040
159, 6040
160, 6040
161, 6040
162, 6040
163, 6040
164, 6040
165, 6040
166, 6040
167, 6040
168, 6040
169, 6040
170, 6040
171, 6040
172, 6040
173, 6040
174, 6040
175, 6040
176, 6040
177, 6040
178, 6040
179, 6040
180, 6040
181, 6040
182, 6040
183, 6040
184, 6040
185, 6040
186, 6040
187, 6040
188, 6040
189, 6040
190, 6040
191, 6040
192, 6040
193, 6040
194, 6040
195, 6040
196, 6040
197, 6040
198, 6040
199, 6040
200, 6040
201, 6040
202, 6040
203, 6040
204, 6040
205, 6040
206, 6040
207, 6040
208, 6040
209, 6040
210, 6040
211, 6040
212, 6040
213, 6040
214, 6040
215, 6040
216, 6040
217, 6040
218, 6040
219, 6040
220, 6040
221, 6040
222, 6040
223, 6040
224, 6040
225, 6040
226, 6040
227, 6040
228, 6040
229, 6040
230, 6040
231, 6040
232, 6040
233, 6040
234, 6040
235, 6040
236, 6040
237, 6040
238, 6040
239, 6040
240, 6040
241, 6040
242, 6040
243, 6040
244, 6040
245, 6040
246, 6040
247, 6040
248, 6040
249, 6040
250, 6040
251, 6040
252, 6040
253, 6040
254, 6040
255, 6040
256, 6040
257, 6040
258, 6040
259, 6040
260, 6040
261, 6040
262, 6040
263, 6040
264, 6040
265, 6040
266, 6040
267, 6040
268, 6040
269, 6040
270, 6040
271, 6040
272, 6040
273, 6040
274, 6040
275, 6040
