1, 520
2, 540
3, 560
4, 580
5, 600
6, 620
7, 640
8, 660
9, 680
10, 700
11, 720
12, 740
13, 760
14, 780
15, 800
16, 820
17, 840
18, 860
19, 880
20, 900
21, 920
22, 940
23, 960
24, 980
25, 1000
26, 1020
27, 1040
28, 1060
29, 1080
30, 1100
31, 1120
32, 1140
33, 1160
34, 1180
35, 1200
36, 1220
37, 1240
38, 1260
39, 1280
40, 1300
41, 1320
42, 1340
43, 1360
44, 1380
45, 1400
46, 1420
47, 1440
48, 1460
49, 1480
50, 1500
51, 1520
52, 1540
53, 1560
54, 1580
55, 1600
56, 1620
57, 1640
58, 1660
59, 1680
60, 1700
61, 1720
62, 1740
63, 1760
64, 1780
65, 1800
66, 1820
67, 1840
68, 1860
69, 1880
70, 1900
71, 1920
72, 1940
73, 1960
74, 1980
75, 2000
76, 2020
77, 2040
78, 2060
79, 2080
80, 2100
81, 2120
82, 2140
83, 2160
84, 2180
85, 2200
86, 2220
87, 2240
88, 2260
89, 2280
90, 2300
91, 2320
92, 2340
93, 2360
94, 2380
95, 2400
96, 2420
97, 2440
98, 2460
99, 2480
100, 2500
101, 2520
102, 2540
103, 2560
104, 2580
105, 2600
106, 2620
107, 2640
108, 2660
109, 2680
110, 2700
111, 2720
112, 2740
113, 2760
114, 2780
115, 2800
116, 2820
117, 2840
118, 4360
119, 4360
120, 4360
121, 4360
122, 4360
123, 4360
124, 4360
125, 4360
126, 4360
127, 4360
128, 4360
129, 4360
130, 4360
131, 4360
132, 4360
133, 4360
134, 4360
135, 4360
136, 4360
137, 4360
138, 4360
139, 4360
140, 4360
141, 4360
142, 4360
143, 4360
144, 4360
145, 4360
146, 4360
147, 4360
148, 4360
149, 4360
150, 4360
151, 4360
152, 4360
153, 4360
154, 4360
155, 4360
156, 4360
157, 4360
158, 4360
159, 4360
160, 4360
161, 4360
162, 4360
163, 4360
164, 4360
165, 4360
166, 4360
167, 4360
168, 4360
169, 4360
170, 4360
171, 4360
172, 4360
173, 4360
174, 4360
175, 4360
176, 4360
177, 4360
178, 4360
179, 4360
180, 4360
181, 4360
182, 4360
183, 4360
184, 4360
185, 4360
186, 4360
187, 4360
188, 4360
189, 4360
190, 4360
191, 4360
192, 4360
193, 4360
194, 4380
195, 4400
196, 4420
197, 4440
198, 4460
199, 4480
200, 4500
201, 4520
202, 4540
203, 4560
204, 4580
205, 4600
206, 4620
207, 4640
208, 4660
209, 4680
210, 4700
211, 4720
212, 4740
213, 4760
214, 4780
215, 4800
216, 4820
217, 4840
218, 4860
219, 4880
220, 4900
221, 4920
222, 4940
223, 4960
224, 4980
225, 5000
226, 5020
227, 5040
228, 5060
229, 5080
230, 5100
231, 5120
232, 5140
233, 5160
234, 5180
235, 5200
236, 5220
237, 5240
238, 5260
239, 5280
240, 5300
241, 5320
242, 5340
243, 5360
244, 5380
245, 5400
246, 5420
247, 5440
248, 5460
249, 5480
250, 5500
251, 5520
252, 5540
253, 5560
254, 5580
255, 5600
256, 5620
257, 5640
258, 5660
259, 5680
260, 5700
261, 5720
262, 5740
263, 5760
264, 5780
265, 5800
266, 5820
267, 5840
268, 5860
269, 5880
270, 5900
271, 5920
272, 5940
273, 5960
274, 5980
275, 6000
