1, 520
2, 540
3, 560
4, 580
5, 600
6, 620
7, 640
8, 660
9, 680
10, 700
11, 720
12, 740
13, 760
14, 780
15, 800
16, 820
17, 840
18, 860
19, 880
20, 900
21, 920
22, 940
23, 960
24, 980
25, 1000
26, 1020
27, 1040
28, 1060
29, 1080
30, 1100
31, 1120
32, 1140
33, 1160
34, 1180
35, 1200
36, 1220
37, 1240
38, 1260
39, 1280
40, 1300
41, 1320
42, 1340
43, 1360
44, 1380
45, 1400
46, 1420
47, 1440
48, 1460
49, 1480
50, 1500
51, 1520
52, 1540
53, 1560
54, 1580
55, 1600
56, 1620
57, 1640
58, 1660
59, 1680
60, 1700
61, 1720
62, 1740
63, 1760
64, 1780
65, 1800
66, 1820
67, 1840
68, 1860
69, 1880
70, 1900
71, 1920
72, 1940
73, 1960
74, 1980
75, 2000
76, 2020
77, 2040
78, 2060
79, 2080
80, 2100
81, 2120
82, 2140
83, 2160
84, 2180
85, 2200
86, 2220
87, 2240
88, 2260
89, 2280
90, 2300
91, 2320
92, 2340
93, 2360
94, 2380
95, 2400
96, 2420
97, 2440
98, 2460
99, 2480
100, 2500
101, 2520
102, 2540
103, 2560
104, 2580
105, 2600
106, 2620
107, 2640
108, 2660
109, 2680
110, 2700
111, 2720
112, 2740
113, 2760
114, 2780
115, 2800
116, 2820
117, 2840
118, 2860
119, 2880
120, 2900
121, 2920
122, 2940
123, 2960
124, 2980
125, 3000
126, 3020
127, 3040
128, 3060
129, 3080
130, 3100
131, 3120
132, 3140
133, 3160
134, 3180
135, 3200
136, 3220
137, 3240
138, 3260
139, 3280
140, 3300
141, 3320
142, 3340
143, 3360
144, 3380
145, 3400
146, 3420
147, 3440
148, 3460
149, 3480
150, 3500
151, 3520
152, 3540
153, 3560
154, 3580
155, 3600
156, 3620
157, 3640
158, 3660
159, 3680
160, 3700
161, 3720
162, 3740
163, 3760
164, 3780
165, 3800
166, 3820
167, 3840
168, 6360
169, 6360
170, 6360
171, 6360
172, 6360
173, 6360
174, 6360
175, 6360
176, 6360
177, 6360
178, 6360
179, 6360
180, 6360
181, 6360
182, 6360
183, 6360
184, 6360
185, 6360
186, 6360
187, 6360
188, 6360
189, 6360
190, 6360
191, 6360
192, 6360
193, 6360
194, 6360
195, 6360
196, 6360
197, 6360
198, 6360
199, 6360
200, 6360
201, 6360
202, 6360
203, 6360
204, 6360
205, 6360
206, 6360
207, 6360
208, 6360
209, 6360
210, 6360
211, 6360
212, 6360
213, 6360
214, 6360
215, 6360
216, 6360
217, 6360
218, 6360
219, 6360
220, 6360
221, 6360
222, 6360
223, 6360
224, 6360
225, 6360
226, 6360
227, 6360
228, 6360
229, 6360
230, 6360
231, 6360
232, 6360
233, 6360
234, 6360
235, 6360
236, 6360
237, 6360
238, 6360
239, 6360
240, 6360
241, 6360
242, 6360
243, 6360
244, 6360
245, 6360
246, 6360
247, 6360
248, 6360
249, 6360
250, 6360
251, 6360
252, 6360
253, 6360
254, 6360
255, 6360
256, 6360
257, 6360
258, 6360
259, 6360
260, 6360
261, 6360
262, 6360
263, 6360
264, 6360
265, 6360
266, 6360
267, 6360
268, 6360
269, 6360
270, 6360
271, 6360
272, 6360
273, 6360
274, 6360
275, 6360
