1, 520
2, 540
3, 560
4, 580
5, 600
6, 620
7, 640
8, 660
9, 680
10, 700
11, 720
12, 740
13, 760
14, 780
15, 800
16, 820
17, 840
18, 860
19, 880
20, 900
21, 920
22, 940
23, 960
24, 980
25, 1000
26, 1020
27, 1040
28, 1060
29, 1080
30, 1100
31, 1120
32, 1140
33, 1160
34, 1180
35, 1200
36, 1220
37, 1240
38, 1260
39, 1280
40, 1300
41, 1320
42, 1340
43, 1360
44, 1380
45, 1400
46, 1420
47, 1440
48, 1460
49, 1480
50, 1500
51, 1520
52, 1540
53, 1560
54, 1580
55, 1600
56, 1620
57, 1640
58, 1660
59, 1680
60, 1700
61, 1720
62, 1740
63, 1760
64, 1780
65, 1800
66, 1820
67, 1840
68, 1860
69, 1880
70, 1900
71, 1920
72, 1940
73, 1960
74, 1980
75, 2000
76, 2020
77, 2040
78, 2060
79, 2080
80, 2100
81, 2120
82, 2140
83, 2160
84, 2180
85, 2200
86, 2220
87, 2240
88, 2260
89, 2280
90, 2300
91, 2320
92, 2340
93, 2360
94, 2380
95, 2400
96, 2420
97, 2440
98, 2460
99, 2480
100, 2500
101, 2520
102, 2540
103, 2560
104, 2580
105, 2600
106, 2620
107, 2640
108, 2660
109, 2680
110, 2700
111, 2720
112, 2740
113, 2760
114, 2780
115, 2800
116, 2820
117, 2840
118, 2860
119, 2880
120, 2900
121, 2920
122, 2940
123, 2960
124, 2980
125, 3000
126, 3020
127, 3040
128, 3060
129, 3080
130, 3100
131, 3120
132, 3140
133, 3160
134, 3180
135, 3200
136, 3220
137, 3240
138, 3260
139, 3280
140, 3300
141, 3320
142, 3340
143, 3360
144, 3380
145, 3400
146, 3420
147, 3440
148, 3460
149, 3480
150, 3500
151, 3520
152, 3540
153, 3560
154, 3580
155, 3600
156, 3620
157, 3640
158, 3660
159, 3680
160, 3700
161, 3720
162, 3740
163, 3760
164, 3780
165, 3800
166, 3820
167, 3840
168, 3860
169, 6380
170, 6380
171, 6380
172, 6380
173, 6380
174, 6380
175, 6380
176, 6380
177, 6380
178, 6380
179, 6380
180, 6380
181, 6380
182, 6380
183, 6380
184, 6380
185, 6380
186, 6380
187, 6380
188, 6380
189, 6380
190, 6380
191, 6380
192, 6380
193, 6380
194, 6380
195, 6380
196, 6380
197, 6380
198, 6380
199, 6380
200, 6380
201, 6380
202, 6380
203, 6380
204, 6380
205, 6380
206, 6380
207, 6380
208, 6380
209, 6380
210, 6380
211, 6380
212, 6380
213, 6380
214, 6380
215, 6380
216, 6380
217, 6380
218, 6380
219, 6380
220, 6380
221, 6380
222, 6380
223, 6380
224, 6380
225, 6380
226, 6380
227, 6380
228, 6380
229, 6380
230, 6380
231, 6380
232, 6380
233, 6380
234, 6380
235, 6380
236, 6380
237, 6380
238, 6380
239, 6380
240, 6380
241, 6380
242, 6380
243, 6380
244, 6380
245, 6380
246, 6380
247, 6380
248, 6380
249, 6380
250, 6380
251, 6380
252, 6380
253, 6380
254, 6380
255, 6380
256, 6380
257, 6380
258, 6380
259, 6380
260, 6380
261, 6380
262, 6380
263, 6380
264, 6380
265, 6380
266, 6380
267, 6380
268, 6380
269, 6380
270, 6380
271, 6380
272, 6380
273, 6380
274, 6380
275, 6380
