1, 520
2, 540
3, 560
4, 580
5, 600
6, 620
7, 640
8, 660
9, 680
10, 700
11, 720
12, 740
13, 760
14, 780
15, 800
16, 820
17, 840
18, 860
19, 880
20, 900
21, 920
22, 940
23, 960
24, 980
25, 1000
26, 1020
27, 1040
28, 1060
29, 1080
30, 1100
31, 1120
32, 1140
33, 1160
34, 1180
35, 1200
36, 1220
37, 1240
38, 1260
39, 1280
40, 1300
41, 1320
42, 1340
43, 1360
44, 1380
45, 1400
46, 1420
47, 1440
48, 1460
49, 1480
50, 1500
51, 1520
52, 1540
53, 1560
54, 1580
55, 1600
56, 1620
57, 1640
58, 1660
59, 1680
60, 1700
61, 1720
62, 1740
63, 1760
64, 1780
65, 1800
66, 1820
67, 1840
68, 1860
69, 1880
70, 1900
71, 1920
72, 1940
73, 1960
74, 1980
75, 2000
76, 2020
77, 2040
78, 2060
79, 2080
80, 2100
81, 2120
82, 2140
83, 2160
84, 2180
85, 2200
86, 2220
87, 2240
88, 2260
89, 2280
90, 2300
91, 2320
92, 2340
93, 2360
94, 2380
95, 2400
96, 2420
97, 2440
98, 2460
99, 2480
100, 2500
101, 2520
102, 2540
103, 2560
104, 2580
105, 2600
106, 2620
107, 2640
108, 2660
109, 2680
110, 2700
111, 2720
112, 2740
113, 2760
114, 2780
115, 2800
116, 2820
117, 2840
118, 2860
119, 2880
120, 2900
121, 2920
122, 2940
123, 2960
124, 2980
125, 3000
126, 3020
127, 3040
128, 3060
129, 3080
130, 3100
131, 3120
132, 3140
133, 3160
134, 3180
135, 3200
136, 3220
137, 3240
138, 3260
139, 3280
140, 3300
141, 3320
142, 3340
143, 3360
144, 3380
145, 3400
146, 3420
147, 3440
148, 3460
149, 3480
150, 3500
151, 6020
152, 6020
153, 6020
154, 6020
155, 6020
156, 6020
157, 6020
158, 6020
159, 6020
160, 6020
161, 6020
162, 6020
163, 6020
164, 6020
165, 6020
166, 6020
167, 6020
168, 6020
169, 6020
170, 6020
171, 6020
172, 6020
173, 6020
174, 6020
175, 6020
176, 6020
177, 6020
178, 6020
179, 6020
180, 6020
181, 6020
182, 6020
183, 6020
184, 6020
185, 6020
186, 6020
187, 6020
188, 6020
189, 6020
190, 6020
191, 6020
192, 6020
193, 6020
194, 6020
195, 6020
196, 6020
197, 6020
198, 6020
199, 6020
200, 6020
201, 6020
202, 6020
203, 6020
204, 6020
205, 6020
206, 6020
207, 6020
208, 6020
209, 6020
210, 6020
211, 6020
212, 6020
213, 6020
214, 6020
215, 6020
216, 6020
217, 6020
218, 6020
219, 6020
220, 6020
221, 6020
222, 6020
223, 6020
224, 6020
225, 6020
226, 6020
227, 6020
228, 6020
229, 6020
230, 6020
231, 6020
232, 6020
233, 6020
234, 6020
235, 6020
236, 6020
237, 6020
238, 6020
239, 6020
240, 6020
241, 6020
242, 6020
243, 6020
244, 6020
245, 6020
246, 6020
247, 6020
248, 6020
249, 6020
250, 6020
251, 6020
252, 6020
253, 6020
254, 6020
255, 6020
256, 6020
257, 6020
258, 6020
259, 6020
260, 6020
261, 6020
262, 6020
263, 6020
264, 6020
265, 6020
266, 6020
267, 6020
268, 6020
269, 6020
270, 6020
271, 6020
272, 6020
273, 6020
274, 6020
275, 6020
