1, 520
2, 540
3, 560
4, 580
5, 600
6, 620
7, 640
8, 660
9, 680
10, 700
11, 720
12, 740
13, 760
14, 780
15, 800
16, 820
17, 840
18, 860
19, 880
20, 900
21, 920
22, 940
23, 960
24, 980
25, 1000
26, 1020
27, 1040
28, 1060
29, 1080
30, 1100
31, 1120
32, 1140
33, 1160
34, 1180
35, 1200
36, 1220
37, 1240
38, 1260
39, 1280
40, 1300
41, 1320
42, 1340
43, 1360
44, 1380
45, 1400
46, 1420
47, 1440
48, 1460
49, 1480
50, 1500
51, 1520
52, 1540
53, 1560
54, 1580
55, 1600
56, 1620
57, 1640
58, 1660
59, 1680
60, 1700
61, 1720
62, 1740
63, 1760
64, 1780
65, 1800
66, 1820
67, 1840
68, 1860
69, 1880
70, 1900
71, 1920
72, 1940
73, 1960
74, 1980
75, 2000
76, 2020
77, 2040
78, 2060
79, 2080
80, 2100
81, 2120
82, 2140
83, 2160
84, 2180
85, 2200
86, 2220
87, 2240
88, 2260
89, 2280
90, 2300
91, 2320
92, 2340
93, 2360
94, 2380
95, 2400
96, 2420
97, 2440
98, 2460
99, 2480
100, 2500
101, 2520
102, 2540
103, 2560
104, 2580
105, 2600
106, 2620
107, 2640
108, 2660
109, 2680
110, 2700
111, 2720
112, 2740
113, 2760
114, 2780
115, 2800
116, 2820
117, 2840
118, 2860
119, 2880
120, 2900
121, 2920
122, 2940
123, 2960
124, 2980
125, 3000
126, 3020
127, 3040
128, 5560
129, 5560
130, 5560
131, 5560
132, 5560
133, 5560
134, 5560
135, 5560
136, 5560
137, 5560
138, 5560
139, 5560
140, 5560
141, 5560
142, 5560
143, 5560
144, 5560
145, 5560
146, 5560
147, 5560
148, 5560
149, 5560
150, 5560
151, 5560
152, 5560
153, 5560
154, 5560
155, 5560
156, 5560
157, 5560
158, 5560
159, 5560
160, 5560
161, 5560
162, 5560
163, 5560
164, 5560
165, 5560
166, 5560
167, 5560
168, 5560
169, 5560
170, 5560
171, 5560
172, 5560
173, 5560
174, 5560
175, 5560
176, 5560
177, 5560
178, 5560
179, 5560
180, 5560
181, 5560
182, 5560
183, 5560
184, 5560
185, 5560
186, 5560
187, 5560
188, 5560
189, 5560
190, 5560
191, 5560
192, 5560
193, 5560
194, 5560
195, 5560
196, 5560
197, 5560
198, 5560
199, 5560
200, 5560
201, 5560
202, 5560
203, 5560
204, 5560
205, 5560
206, 5560
207, 5560
208, 5560
209, 5560
210, 5560
211, 5560
212, 5560
213, 5560
214, 5560
215, 5560
216, 5560
217, 5560
218, 5560
219, 5560
220, 5560
221, 5560
222, 5560
223, 5560
224, 5560
225, 5560
226, 5560
227, 5560
228, 5560
229, 5560
230, 5560
231, 5560
232, 5560
233, 5560
234, 5560
235, 5560
236, 5560
237, 5560
238, 5560
239, 5560
240, 5560
241, 5560
242, 5560
243, 5560
244, 5560
245, 5560
246, 5560
247, 5560
248, 5560
249, 5560
250, 5560
251, 5560
252, 5560
253, 5560
254, 5580
255, 5600
256, 5620
257, 5640
258, 5660
259, 5680
260, 5700
261, 5720
262, 5740
263, 5760
264, 5780
265, 5800
266, 5820
267, 5840
268, 5860
269, 5880
270, 5900
271, 5920
272, 5940
273, 5960
274, 5980
275, 6000
