1, 520
2, 540
3, 560
4, 580
5, 600
6, 620
7, 640
8, 660
9, 680
10, 700
11, 720
12, 740
13, 760
14, 780
15, 800
16, 820
17, 840
18, 860
19, 880
20, 900
21, 920
22, 940
23, 960
24, 980
25, 1000
26, 1020
27, 1040
28, 1060
29, 1080
30, 1100
31, 1120
32, 1140
33, 1160
34, 1180
35, 1200
36, 1220
37, 1240
38, 1260
39, 1280
40, 1300
41, 1320
42, 1340
43, 1360
44, 1380
45, 1400
46, 1420
47, 1440
48, 1460
49, 1480
50, 1500
51, 1520
52, 1540
53, 1560
54, 1580
55, 1600
56, 1620
57, 1640
58, 1660
59, 1680
60, 1700
61, 1720
62, 1740
63, 1760
64, 1780
65, 1800
66, 1820
67, 1840
68, 1860
69, 1880
70, 1900
71, 1920
72, 1940
73, 1960
74, 1980
75, 2000
76, 2020
77, 2040
78, 2060
79, 2080
80, 2100
81, 2120
82, 2140
83, 2160
84, 2180
85, 2200
86, 2220
87, 2240
88, 2260
89, 2280
90, 2300
91, 2320
92, 2340
93, 2360
94, 2380
95, 2400
96, 2420
97, 2440
98, 2460
99, 2480
100, 2500
101, 2520
102, 2540
103, 2560
104, 2580
105, 2600
106, 2620
107, 2640
108, 2660
109, 2680
110, 2700
111, 2720
112, 2740
113, 2760
114, 2780
115, 2800
116, 2820
117, 2840
118, 2860
119, 2880
120, 2900
121, 2920
122, 2940
123, 2960
124, 2980
125, 3000
126, 3020
127, 3040
128, 3060
129, 3080
130, 3100
131, 3120
132, 3140
133, 3160
134, 3180
135, 3200
136, 3220
137, 3240
138, 3260
139, 3280
140, 3300
141, 3320
142, 3340
143, 3360
144, 3380
145, 3400
146, 3420
147, 3440
148, 3460
149, 3480
150, 3500
151, 3520
152, 3540
153, 3560
154, 3580
155, 3600
156, 3620
157, 3640
158, 3660
159, 3680
160, 3700
161, 3720
162, 3740
163, 3760
164, 3780
165, 3800
166, 3820
167, 3840
168, 3860
169, 3880
170, 3900
171, 3920
172, 3940
173, 3960
174, 3980
175, 4000
176, 4020
177, 4040
178, 4060
179, 4080
180, 4100
181, 4120
182, 4140
183, 4160
184, 4180
185, 4200
186, 4220
187, 4240
188, 4260
189, 4280
190, 4300
191, 4320
192, 4340
193, 4360
194, 4380
195, 4400
196, 4420
197, 4440
198, 4460
199, 4480
200, 4500
201, 4520
202, 4540
203, 4560
204, 4580
205, 4600
206, 4620
207, 4640
208, 4660
209, 4680
210, 4700
211, 4720
212, 4740
213, 4760
214, 4780
215, 4800
216, 4820
217, 4840
218, 4860
219, 7380
220, 7380
221, 7380
222, 7380
223, 7380
224, 7380
225, 7380
226, 7380
227, 7380
228, 7380
229, 7380
230, 7380
231, 7380
232, 7380
233, 7380
234, 7380
235, 7380
236, 7380
237, 7380
238, 7380
239, 7380
240, 7380
241, 7380
242, 7380
243, 7380
244, 7380
245, 7380
246, 7380
247, 7380
248, 7380
249, 7380
250, 7380
251, 7380
252, 7380
253, 7380
254, 7380
255, 7380
256, 7380
257, 7380
258, 7380
259, 7380
260, 7380
261, 7380
262, 7380
263, 7380
264, 7380
265, 7380
266, 7380
267, 7380
268, 7380
269, 7380
270, 7380
271, 7380
272, 7380
273, 7380
274, 7380
275, 7380
