1, 520
2, 540
3, 560
4, 580
5, 600
6, 620
7, 640
8, 660
9, 680
10, 700
11, 720
12, 740
13, 760
14, 780
15, 800
16, 820
17, 840
18, 860
19, 880
20, 900
21, 920
22, 940
23, 960
24, 980
25, 1000
26, 1020
27, 1040
28, 1060
29, 1080
30, 1100
31, 1120
32, 1140
33, 1160
34, 1180
35, 1200
36, 1220
37, 1240
38, 1260
39, 1280
40, 1300
41, 1320
42, 1340
43, 1360
44, 1380
45, 1400
46, 1420
47, 1440
48, 1460
49, 1480
50, 1500
51, 1520
52, 1540
53, 1560
54, 1580
55, 1600
56, 1620
57, 1640
58, 1660
59, 1680
60, 1700
61, 1720
62, 1740
63, 1760
64, 1780
65, 1800
66, 1820
67, 1840
68, 1860
69, 1880
70, 1900
71, 1920
72, 1940
73, 1960
74, 1980
75, 2000
76, 2020
77, 2040
78, 2060
79, 2080
80, 2100
81, 2120
82, 2140
83, 2160
84, 2180
85, 2200
86, 2220
87, 2240
88, 2260
89, 2280
90, 2300
91, 2320
92, 2340
93, 2360
94, 2380
95, 2400
96, 2420
97, 2440
98, 2460
99, 2480
100, 2500
101, 2520
102, 2540
103, 2560
104, 2580
105, 2600
106, 2620
107, 2640
108, 2660
109, 2680
110, 2700
111, 2720
112, 2740
113, 2760
114, 2780
115, 2800
116, 2820
117, 2840
118, 2860
119, 2880
120, 2900
121, 2920
122, 2940
123, 2960
124, 2980
125, 3000
126, 3020
127, 3040
128, 3060
129, 3080
130, 3100
131, 3120
132, 3140
133, 3160
134, 3180
135, 3200
136, 3220
137, 3240
138, 3260
139, 3280
140, 3300
141, 3320
142, 3340
143, 3360
144, 3380
145, 3400
146, 3420
147, 3440
148, 3460
149, 3480
150, 3500
151, 3520
152, 3540
153, 3560
154, 3580
155, 3600
156, 3620
157, 3640
158, 3660
159, 6180
160, 6180
161, 6180
162, 6180
163, 6180
164, 6180
165, 6180
166, 6180
167, 6180
168, 6180
169, 6180
170, 6180
171, 6180
172, 6180
173, 6180
174, 6180
175, 6180
176, 6180
177, 6180
178, 6180
179, 6180
180, 6180
181, 6180
182, 6180
183, 6180
184, 6180
185, 6180
186, 6180
187, 6180
188, 6180
189, 6180
190, 6180
191, 6180
192, 6180
193, 6180
194, 6180
195, 6180
196, 6180
197, 6180
198, 6180
199, 6180
200, 6180
201, 6180
202, 6180
203, 6180
204, 6180
205, 6180
206, 6180
207, 6180
208, 6180
209, 6180
210, 6180
211, 6180
212, 6180
213, 6180
214, 6180
215, 6180
216, 6180
217, 6180
218, 6180
219, 6180
220, 6180
221, 6180
222, 6180
223, 6180
224, 6180
225, 6180
226, 6180
227, 6180
228, 6180
229, 6180
230, 6180
231, 6180
232, 6180
233, 6180
234, 6180
235, 6180
236, 6180
237, 6180
238, 6180
239, 6180
240, 6180
241, 6180
242, 6180
243, 6180
244, 6180
245, 6180
246, 6180
247, 6180
248, 6180
249, 6180
250, 6180
251, 6180
252, 6180
253, 6180
254, 6180
255, 6180
256, 6180
257, 6180
258, 6180
259, 6180
260, 6180
261, 6180
262, 6180
263, 6180
264, 6180
265, 6180
266, 6180
267, 6180
268, 6180
269, 6180
270, 6180
271, 6180
272, 6180
273, 6180
274, 6180
275, 6180
