1, 520
2, 540
3, 560
4, 580
5, 600
6, 620
7, 640
8, 660
9, 680
10, 700
11, 720
12, 740
13, 760
14, 780
15, 800
16, 820
17, 840
18, 860
19, 880
20, 900
21, 920
22, 940
23, 960
24, 980
25, 1000
26, 1020
27, 1040
28, 1060
29, 1080
30, 1100
31, 1120
32, 1140
33, 1160
34, 1180
35, 1200
36, 1220
37, 1240
38, 1260
39, 1280
40, 1300
41, 1320
42, 1340
43, 1360
44, 1380
45, 1400
46, 1420
47, 1440
48, 1460
49, 1480
50, 1500
51, 1520
52, 1540
53, 1560
54, 1580
55, 1600
56, 1620
57, 1640
58, 1660
59, 1680
60, 1700
61, 1720
62, 1740
63, 1760
64, 1780
65, 1800
66, 1820
67, 1840
68, 1860
69, 1880
70, 1900
71, 1920
72, 1940
73, 1960
74, 1980
75, 2000
76, 2020
77, 2040
78, 2060
79, 2080
80, 2100
81, 2120
82, 2140
83, 2160
84, 2180
85, 2200
86, 2220
87, 2240
88, 2260
89, 2280
90, 2300
91, 2320
92, 2340
93, 2360
94, 2380
95, 2400
96, 2420
97, 2440
98, 2460
99, 2480
100, 2500
101, 2520
102, 2540
103, 2560
104, 2580
105, 2600
106, 2620
107, 2640
108, 2660
109, 2680
110, 2700
111, 2720
112, 2740
113, 2760
114, 2780
115, 2800
116, 2820
117, 2840
118, 2860
119, 2880
120, 2900
121, 2920
122, 2940
123, 2960
124, 2980
125, 3000
126, 3020
127, 3040
128, 3060
129, 3080
130, 3100
131, 3120
132, 3140
133, 3160
134, 3180
135, 3200
136, 3220
137, 3240
138, 3260
139, 3280
140, 3300
141, 3320
142, 3340
143, 3360
144, 3380
145, 3400
146, 3420
147, 3440
148, 3460
149, 3480
150, 3500
151, 3520
152, 3540
153, 3560
154, 3580
155, 3600
156, 3620
157, 3640
158, 3660
159, 3680
160, 3700
161, 3720
162, 3740
163, 3760
164, 6280
165, 6280
166, 6280
167, 6280
168, 6280
169, 6280
170, 6280
171, 6280
172, 6280
173, 6280
174, 6280
175, 6280
176, 6280
177, 6280
178, 6280
179, 6280
180, 6280
181, 6280
182, 6280
183, 6280
184, 6280
185, 6280
186, 6280
187, 6280
188, 6280
189, 6280
190, 6280
191, 6280
192, 6280
193, 6280
194, 6280
195, 6280
196, 6280
197, 6280
198, 6280
199, 6280
200, 6280
201, 6280
202, 6280
203, 6280
204, 6280
205, 6280
206, 6280
207, 6280
208, 6280
209, 6280
210, 6280
211, 6280
212, 6280
213, 6280
214, 6280
215, 6280
216, 6280
217, 6280
218, 6280
219, 6280
220, 6280
221, 6280
222, 6280
223, 6280
224, 6280
225, 6280
226, 6280
227, 6280
228, 6280
229, 6280
230, 6280
231, 6280
232, 6280
233, 6280
234, 6280
235, 6280
236, 6280
237, 6280
238, 6280
239, 6280
240, 6280
241, 6280
242, 6280
243, 6280
244, 6280
245, 6280
246, 6280
247, 6280
248, 6280
249, 6280
250, 6280
251, 6280
252, 6280
253, 6280
254, 6280
255, 6280
256, 6280
257, 6280
258, 6280
259, 6280
260, 6280
261, 6280
262, 6280
263, 6280
264, 6280
265, 6280
266, 6280
267, 6280
268, 6280
269, 6280
270, 6280
271, 6280
272, 6280
273, 6280
274, 6280
275, 6280
