1, 520
2, 540
3, 560
4, 580
5, 600
6, 620
7, 640
8, 660
9, 680
10, 700
11, 720
12, 740
13, 760
14, 780
15, 800
16, 820
17, 840
18, 860
19, 880
20, 900
21, 920
22, 940
23, 960
24, 980
25, 1000
26, 1020
27, 1040
28, 1060
29, 1080
30, 1100
31, 1120
32, 1140
33, 1160
34, 1180
35, 1200
36, 1220
37, 1240
38, 1260
39, 1280
40, 1300
41, 1320
42, 1340
43, 1360
44, 1380
45, 1400
46, 1420
47, 1440
48, 1460
49, 1480
50, 1500
51, 1520
52, 1540
53, 1560
54, 1580
55, 1600
56, 1620
57, 1640
58, 1660
59, 1680
60, 1700
61, 1720
62, 1740
63, 1760
64, 1780
65, 1800
66, 1820
67, 1840
68, 1860
69, 1880
70, 1900
71, 1920
72, 1940
73, 1960
74, 1980
75, 2000
76, 2020
77, 2040
78, 2060
79, 2080
80, 2100
81, 2120
82, 2140
83, 2160
84, 2180
85, 2200
86, 2220
87, 2240
88, 2260
89, 2280
90, 2300
91, 2320
92, 2340
93, 2360
94, 2380
95, 2400
96, 2420
97, 2440
98, 2460
99, 2480
100, 2500
101, 2520
102, 2540
103, 2560
104, 2580
105, 2600
106, 2620
107, 2640
108, 2660
109, 2680
110, 2700
111, 2720
112, 2740
113, 2760
114, 2780
115, 2800
116, 2820
117, 2840
118, 2860
119, 2880
120, 2900
121, 2920
122, 2940
123, 2960
124, 2980
125, 3000
126, 3020
127, 3040
128, 3060
129, 3080
130, 3100
131, 3120
132, 3140
133, 3160
134, 3180
135, 3200
136, 3220
137, 3240
138, 3260
139, 3280
140, 3300
141, 3320
142, 3340
143, 3360
144, 3380
145, 3400
146, 3420
147, 3440
148, 3460
149, 3480
150, 3500
151, 3520
152, 3540
153, 3560
154, 3580
155, 3600
156, 3620
157, 3640
158, 3660
159, 3680
160, 3700
161, 3720
162, 3740
163, 3760
164, 3780
165, 3800
166, 3820
167, 3840
168, 3860
169, 3880
170, 3900
171, 6420
172, 6420
173, 6420
174, 6420
175, 6420
176, 6420
177, 6420
178, 6420
179, 6420
180, 6420
181, 6420
182, 6420
183, 6420
184, 6420
185, 6420
186, 6420
187, 6420
188, 6420
189, 6420
190, 6420
191, 6420
192, 6420
193, 6420
194, 6420
195, 6420
196, 6420
197, 6420
198, 6420
199, 6420
200, 6420
201, 6420
202, 6420
203, 6420
204, 6420
205, 6420
206, 6420
207, 6420
208, 6420
209, 6420
210, 6420
211, 6420
212, 6420
213, 6420
214, 6420
215, 6420
216, 6420
217, 6420
218, 6420
219, 6420
220, 6420
221, 6420
222, 6420
223, 6420
224, 6420
225, 6420
226, 6420
227, 6420
228, 6420
229, 6420
230, 6420
231, 6420
232, 6420
233, 6420
234, 6420
235, 6420
236, 6420
237, 6420
238, 6420
239, 6420
240, 6420
241, 6420
242, 6420
243, 6420
244, 6420
245, 6420
246, 6420
247, 6420
248, 6420
249, 6420
250, 6420
251, 6420
252, 6420
253, 6420
254, 6420
255, 6420
256, 6420
257, 6420
258, 6420
259, 6420
260, 6420
261, 6420
262, 6420
263, 6420
264, 6420
265, 6420
266, 6420
267, 6420
268, 6420
269, 6420
270, 6420
271, 6420
272, 6420
273, 6420
274, 6420
275, 6420
