1, 520
2, 540
3, 560
4, 580
5, 600
6, 620
7, 640
8, 660
9, 680
10, 700
11, 720
12, 740
13, 760
14, 780
15, 800
16, 820
17, 840
18, 860
19, 880
20, 900
21, 920
22, 940
23, 960
24, 980
25, 1000
26, 1020
27, 1040
28, 1060
29, 1080
30, 1100
31, 1120
32, 1140
33, 1160
34, 1180
35, 1200
36, 1220
37, 1240
38, 1260
39, 1280
40, 1300
41, 1320
42, 1340
43, 1360
44, 1380
45, 1400
46, 1420
47, 1440
48, 1460
49, 1480
50, 1500
51, 1520
52, 1540
53, 1560
54, 1580
55, 1600
56, 1620
57, 1640
58, 1660
59, 1680
60, 1700
61, 1720
62, 1740
63, 1760
64, 1780
65, 1800
66, 1820
67, 1840
68, 1860
69, 1880
70, 1900
71, 1920
72, 1940
73, 1960
74, 1980
75, 2000
76, 2020
77, 2040
78, 2060
79, 2080
80, 2100
81, 2120
82, 2140
83, 2160
84, 2180
85, 2200
86, 2220
87, 2240
88, 2260
89, 2280
90, 2300
91, 2320
92, 2340
93, 2360
94, 2380
95, 2400
96, 2420
97, 2440
98, 2460
99, 2480
100, 2500
101, 2520
102, 2540
103, 2560
104, 2580
105, 2600
106, 2620
107, 2640
108, 2660
109, 2680
110, 2700
111, 2720
112, 2740
113, 2760
114, 2780
115, 2800
116, 2820
117, 2840
118, 2860
119, 2880
120, 2900
121, 2920
122, 2940
123, 2960
124, 2980
125, 3000
126, 3020
127, 3040
128, 3060
129, 3080
130, 3100
131, 3120
132, 3140
133, 3160
134, 3180
135, 3200
136, 3220
137, 3240
138, 3260
139, 3280
140, 3300
141, 3320
142, 3340
143, 3360
144, 3380
145, 3400
146, 3420
147, 3440
148, 3460
149, 3480
150, 3500
151, 3520
152, 3540
153, 3560
154, 3580
155, 3600
156, 3620
157, 3640
158, 3660
159, 3680
160, 3700
161, 3720
162, 3740
163, 3760
164, 3780
165, 3800
166, 3820
167, 3840
168, 3860
169, 3880
170, 3900
171, 3920
172, 3940
173, 3960
174, 3980
175, 4000
176, 4020
177, 4040
178, 4060
179, 4080
180, 4100
181, 4120
182, 4140
183, 4160
184, 4180
185, 4200
186, 4220
187, 4240
188, 4260
189, 4280
190, 4300
191, 6820
192, 6820
193, 6820
194, 6820
195, 6820
196, 6820
197, 6820
198, 6820
199, 6820
200, 6820
201, 6820
202, 6820
203, 6820
204, 6820
205, 6820
206, 6820
207, 6820
208, 6820
209, 6820
210, 6820
211, 6820
212, 6820
213, 6820
214, 6820
215, 6820
216, 6820
217, 6820
218, 6820
219, 6820
220, 6820
221, 6820
222, 6820
223, 6820
224, 6820
225, 6820
226, 6820
227, 6820
228, 6820
229, 6820
230, 6820
231, 6820
232, 6820
233, 6820
234, 6820
235, 6820
236, 6820
237, 6820
238, 6820
239, 6820
240, 6820
241, 6820
242, 6820
243, 6820
244, 6820
245, 6820
246, 6820
247, 6820
248, 6820
249, 6820
250, 6820
251, 6820
252, 6820
253, 6820
254, 6820
255, 6820
256, 6820
257, 6820
258, 6820
259, 6820
260, 6820
261, 6820
262, 6820
263, 6820
264, 6820
265, 6820
266, 6820
267, 6820
268, 6820
269, 6820
270, 6820
271, 6820
272, 6820
273, 6820
274, 6820
275, 6820
