1, 520
2, 540
3, 560
4, 580
5, 600
6, 620
7, 640
8, 660
9, 680
10, 700
11, 720
12, 740
13, 760
14, 780
15, 800
16, 820
17, 840
18, 860
19, 880
20, 900
21, 920
22, 940
23, 960
24, 980
25, 1000
26, 1020
27, 1040
28, 1060
29, 1080
30, 1100
31, 1120
32, 1140
33, 1160
34, 1180
35, 1200
36, 1220
37, 1240
38, 1260
39, 1280
40, 1300
41, 1320
42, 1340
43, 1360
44, 1380
45, 1400
46, 1420
47, 1440
48, 1460
49, 1480
50, 1500
51, 1520
52, 1540
53, 1560
54, 1580
55, 1600
56, 1620
57, 1640
58, 1660
59, 1680
60, 1700
61, 1720
62, 1740
63, 1760
64, 1780
65, 1800
66, 1820
67, 1840
68, 1860
69, 1880
70, 1900
71, 1920
72, 1940
73, 1960
74, 1980
75, 2000
76, 2020
77, 2040
78, 2060
79, 2080
80, 2100
81, 2120
82, 2140
83, 2160
84, 2180
85, 2200
86, 2220
87, 2240
88, 2260
89, 2280
90, 2300
91, 2320
92, 2340
93, 2360
94, 2380
95, 2400
96, 2420
97, 2440
98, 2460
99, 2480
100, 2500
101, 2520
102, 2540
103, 2560
104, 2580
105, 2600
106, 2620
107, 2640
108, 2660
109, 2680
110, 2700
111, 2720
112, 2740
113, 2760
114, 2780
115, 2800
116, 2820
117, 2840
118, 2860
119, 2880
120, 2900
121, 2920
122, 2940
123, 2960
124, 2980
125, 3000
126, 3020
127, 3040
128, 3060
129, 3080
130, 3100
131, 3120
132, 5640
133, 5640
134, 5640
135, 5640
136, 5640
137, 5640
138, 5640
139, 5640
140, 5640
141, 5640
142, 5640
143, 5640
144, 5640
145, 5640
146, 5640
147, 5640
148, 5640
149, 5640
150, 5640
151, 5640
152, 5640
153, 5640
154, 5640
155, 5640
156, 5640
157, 5640
158, 5640
159, 5640
160, 5640
161, 5640
162, 5640
163, 5640
164, 5640
165, 5640
166, 5640
167, 5640
168, 5640
169, 5640
170, 5640
171, 5640
172, 5640
173, 5640
174, 5640
175, 5640
176, 5640
177, 5640
178, 5640
179, 5640
180, 5640
181, 5640
182, 5640
183, 5640
184, 5640
185, 5640
186, 5640
187, 5640
188, 5640
189, 5640
190, 5640
191, 5640
192, 5640
193, 5640
194, 5640
195, 5640
196, 5640
197, 5640
198, 5640
199, 5640
200, 5640
201, 5640
202, 5640
203, 5640
204, 5640
205, 5640
206, 5640
207, 5640
208, 5640
209, 5640
210, 5640
211, 5640
212, 5640
213, 5640
214, 5640
215, 5640
216, 5640
217, 5640
218, 5640
219, 5640
220, 5640
221, 5640
222, 5640
223, 5640
224, 5640
225, 5640
226, 5640
227, 5640
228, 5640
229, 5640
230, 5640
231, 5640
232, 5640
233, 5640
234, 5640
235, 5640
236, 5640
237, 5640
238, 5640
239, 5640
240, 5640
241, 5640
242, 5640
243, 5640
244, 5640
245, 5640
246, 5640
247, 5640
248, 5640
249, 5640
250, 5640
251, 5640
252, 5640
253, 5640
254, 5640
255, 5640
256, 5640
257, 5640
258, 5660
259, 5680
260, 5700
261, 5720
262, 5740
263, 5760
264, 5780
265, 5800
266, 5820
267, 5840
268, 5860
269, 5880
270, 5900
271, 5920
272, 5940
273, 5960
274, 5980
275, 6000
