1, 520
2, 540
3, 560
4, 580
5, 600
6, 620
7, 640
8, 660
9, 680
10, 700
11, 720
12, 740
13, 760
14, 780
15, 800
16, 820
17, 840
18, 860
19, 880
20, 900
21, 920
22, 940
23, 960
24, 980
25, 1000
26, 1020
27, 1040
28, 1060
29, 1080
30, 1100
31, 1120
32, 1140
33, 1160
34, 1180
35, 1200
36, 1220
37, 1240
38, 1260
39, 1280
40, 1300
41, 1320
42, 1340
43, 1360
44, 1380
45, 1400
46, 1420
47, 1440
48, 1460
49, 1480
50, 1500
51, 1520
52, 1540
53, 1560
54, 1580
55, 1600
56, 1620
57, 1640
58, 1660
59, 1680
60, 1700
61, 1720
62, 1740
63, 1760
64, 1780
65, 1800
66, 1820
67, 1840
68, 1860
69, 1880
70, 1900
71, 1920
72, 1940
73, 1960
74, 1980
75, 2000
76, 2020
77, 2040
78, 2060
79, 2080
80, 2100
81, 2120
82, 2140
83, 2160
84, 2180
85, 2200
86, 2220
87, 2240
88, 2260
89, 2280
90, 2300
91, 2320
92, 2340
93, 2360
94, 2380
95, 2400
96, 2420
97, 2440
98, 2460
99, 2480
100, 2500
101, 2520
102, 2540
103, 2560
104, 2560
105, 2560
106, 2560
107, 2560
108, 2560
109, 2560
110, 2560
111, 2560
112, 2560
113, 2560
114, 2560
115, 2580
116, 2600
117, 2620
118, 2640
119, 2660
120, 2680
121, 2700
122, 2720
123, 2740
124, 2760
125, 2780
126, 2800
127, 2820
128, 2840
129, 2860
130, 2880
131, 2900
132, 2920
133, 2940
134, 2960
135, 2980
136, 3000
137, 3020
138, 3040
139, 3060
140, 3080
141, 3100
142, 3120
143, 3140
144, 3160
145, 3180
146, 3200
147, 3220
148, 3240
149, 3260
150, 3280
151, 3300
152, 3320
153, 3340
154, 3360
155, 3380
156, 3400
157, 3420
158, 3440
159, 3460
160, 3480
161, 3500
162, 3520
163, 3540
164, 3560
165, 3580
166, 3600
167, 3620
168, 3640
169, 3660
170, 3680
171, 3700
172, 3720
173, 3740
174, 3760
175, 3780
176, 3800
177, 3820
178, 3840
179, 3860
180, 3880
181, 3900
182, 3920
183, 3940
184, 3960
185, 3980
186, 4000
187, 4020
188, 4040
189, 4060
190, 4080
191, 4100
192, 4120
193, 4140
194, 4160
195, 4180
196, 4200
197, 4220
198, 4240
199, 4260
200, 4280
201, 4300
202, 4320
203, 4340
204, 4360
205, 4380
206, 4400
207, 4420
208, 4440
209, 4460
210, 4480
211, 4500
212, 4520
213, 4540
214, 4560
215, 4580
216, 4600
217, 4620
218, 4640
219, 4660
220, 4680
221, 4700
222, 4720
223, 4740
224, 4760
225, 4780
226, 4800
227, 4820
228, 4840
229, 4860
230, 4880
231, 4900
232, 4920
233, 4940
234, 4960
235, 4980
236, 5000
237, 5020
238, 5040
239, 5060
240, 5080
241, 5100
242, 5120
243, 5140
244, 5160
245, 5180
246, 5200
247, 5220
248, 5240
249, 5260
250, 5280
251, 5300
252, 5320
253, 5340
254, 5360
255, 5380
256, 5400
257, 5420
258, 5440
259, 5460
260, 5480
261, 5500
262, 5520
263, 5540
264, 5560
265, 5580
266, 5600
267, 5620
268, 5640
269, 5660
270, 5680
271, 5700
272, 5720
273, 5740
274, 5760
275, 5780
