1, 520
2, 540
3, 560
4, 580
5, 600
6, 620
7, 640
8, 660
9, 680
10, 700
11, 720
12, 740
13, 760
14, 780
15, 800
16, 820
17, 840
18, 860
19, 880
20, 900
21, 920
22, 940
23, 960
24, 980
25, 1000
26, 1020
27, 1040
28, 1060
29, 1080
30, 1100
31, 1120
32, 1140
33, 1160
34, 1180
35, 1200
36, 1220
37, 1240
38, 1260
39, 1280
40, 1300
41, 1320
42, 1340
43, 1360
44, 1380
45, 1400
46, 1420
47, 1440
48, 1460
49, 1480
50, 1500
51, 1520
52, 1540
53, 1560
54, 1580
55, 1600
56, 1620
57, 1640
58, 1660
59, 1680
60, 1700
61, 1720
62, 1740
63, 1760
64, 1780
65, 1800
66, 1820
67, 1840
68, 1860
69, 1880
70, 1900
71, 1920
72, 1940
73, 1960
74, 1980
75, 2000
76, 2020
77, 2040
78, 2060
79, 2080
80, 2100
81, 2120
82, 2140
83, 2160
84, 2180
85, 2200
86, 2220
87, 2240
88, 2260
89, 2280
90, 2300
91, 2320
92, 2340
93, 2360
94, 2380
95, 2400
96, 2420
97, 2440
98, 2460
99, 2480
100, 2500
101, 2520
102, 2540
103, 2560
104, 2580
105, 2600
106, 2620
107, 2640
108, 2660
109, 2680
110, 2700
111, 2720
112, 2740
113, 2760
114, 2780
115, 2800
116, 2820
117, 2840
118, 2860
119, 2880
120, 2900
121, 2920
122, 2940
123, 2960
124, 2980
125, 3000
126, 3020
127, 3040
128, 3060
129, 3080
130, 3100
131, 3120
132, 3140
133, 3160
134, 3180
135, 3200
136, 3220
137, 3240
138, 3260
139, 3280
140, 3300
141, 3320
142, 3340
143, 3360
144, 3380
145, 3400
146, 3420
147, 3440
148, 3460
149, 3480
150, 3500
151, 3520
152, 3540
153, 3560
154, 3580
155, 3600
156, 3620
157, 3640
158, 3660
159, 3680
160, 3700
161, 3720
162, 3740
163, 3760
164, 3780
165, 3800
166, 3820
167, 3840
168, 3860
169, 3880
170, 3900
171, 3920
172, 3940
173, 3960
174, 3980
175, 4000
176, 4020
177, 4040
178, 4060
179, 4080
180, 4100
181, 4120
182, 4140
183, 4160
184, 4180
185, 4200
186, 4220
187, 4240
188, 4260
189, 4280
190, 4300
191, 4320
192, 4340
193, 4360
194, 4380
195, 4400
196, 4420
197, 4440
198, 4460
199, 4480
200, 7000
201, 7000
202, 7000
203, 7000
204, 7000
205, 7000
206, 7000
207, 7000
208, 7000
209, 7000
210, 7000
211, 7000
212, 7000
213, 7000
214, 7000
215, 7000
216, 7000
217, 7000
218, 7000
219, 7000
220, 7000
221, 7000
222, 7000
223, 7000
224, 7000
225, 7000
226, 7000
227, 7000
228, 7000
229, 7000
230, 7000
231, 7000
232, 7000
233, 7000
234, 7000
235, 7000
236, 7000
237, 7000
238, 7000
239, 7000
240, 7000
241, 7000
242, 7000
243, 7000
244, 7000
245, 7000
246, 7000
247, 7000
248, 7000
249, 7000
250, 7000
251, 7000
252, 7000
253, 7000
254, 7000
255, 7000
256, 7000
257, 7000
258, 7000
259, 7000
260, 7000
261, 7000
262, 7000
263, 7000
264, 7000
265, 7000
266, 7000
267, 7000
268, 7000
269, 7000
270, 7000
271, 7000
272, 7000
273, 7000
274, 7000
275, 7000
