1, 520
2, 540
3, 560
4, 580
5, 600
6, 620
7, 640
8, 660
9, 680
10, 700
11, 720
12, 740
13, 760
14, 780
15, 800
16, 820
17, 840
18, 860
19, 880
20, 900
21, 920
22, 940
23, 960
24, 980
25, 1000
26, 1020
27, 1040
28, 1060
29, 1080
30, 1100
31, 1120
32, 1140
33, 1160
34, 1180
35, 1200
36, 1220
37, 1240
38, 1260
39, 1280
40, 1300
41, 1320
42, 1340
43, 1360
44, 1380
45, 1400
46, 1420
47, 1440
48, 1460
49, 1480
50, 1500
51, 1520
52, 1540
53, 1560
54, 1580
55, 1600
56, 1620
57, 1640
58, 1660
59, 1680
60, 1700
61, 1720
62, 1740
63, 1760
64, 1780
65, 1800
66, 1820
67, 1840
68, 1860
69, 1880
70, 1900
71, 1920
72, 1940
73, 1960
74, 1980
75, 2000
76, 2020
77, 2040
78, 2060
79, 2080
80, 2100
81, 2120
82, 2140
83, 2160
84, 2180
85, 2200
86, 2220
87, 2240
88, 2260
89, 2280
90, 2300
91, 2320
92, 2340
93, 2360
94, 2380
95, 2400
96, 2420
97, 2440
98, 2460
99, 2480
100, 2500
101, 2520
102, 2540
103, 2560
104, 2580
105, 2600
106, 2620
107, 2640
108, 2660
109, 2680
110, 2700
111, 2720
112, 5740
113, 5740
114, 5740
115, 5740
116, 5740
117, 5740
118, 5740
119, 5740
120, 5740
121, 5740
122, 5740
123, 5740
124, 5740
125, 5740
126, 5740
127, 5740
128, 5740
129, 5740
130, 5740
131, 5740
132, 5740
133, 5740
134, 5740
135, 5740
136, 5740
137, 5740
138, 5740
139, 5740
140, 5740
141, 5740
142, 5740
143, 5740
144, 5740
145, 5740
146, 5740
147, 5740
148, 5740
149, 5740
150, 5740
151, 5740
152, 5740
153, 5740
154, 5740
155, 5740
156, 5740
157, 5740
158, 5740
159, 5740
160, 5740
161, 5740
162, 5740
163, 5740
164, 5740
165, 5740
166, 5740
167, 5740
168, 5740
169, 5740
170, 5740
171, 5740
172, 5740
173, 5740
174, 5740
175, 5740
176, 5740
177, 5740
178, 5740
179, 5740
180, 5740
181, 5740
182, 5740
183, 5740
184, 5740
185, 5740
186, 5740
187, 5740
188, 5740
189, 5740
190, 5740
191, 5740
192, 5740
193, 5740
194, 5740
195, 5740
196, 5740
197, 5740
198, 5740
199, 5740
200, 5740
201, 5740
202, 5740
203, 5740
204, 5740
205, 5740
206, 5740
207, 5740
208, 5740
209, 5740
210, 5740
211, 5740
212, 5740
213, 5740
214, 5740
215, 5740
216, 5740
217, 5740
218, 5740
219, 5740
220, 5740
221, 5740
222, 5740
223, 5740
224, 5740
225, 5740
226, 5740
227, 5740
228, 5740
229, 5740
230, 5740
231, 5740
232, 5740
233, 5740
234, 5740
235, 5740
236, 5740
237, 5740
238, 5740
239, 5740
240, 5740
241, 5740
242, 5740
243, 5740
244, 5740
245, 5740
246, 5740
247, 5740
248, 5740
249, 5740
250, 5740
251, 5740
252, 5740
253, 5740
254, 5740
255, 5740
256, 5740
257, 5740
258, 5740
259, 5740
260, 5740
261, 5740
262, 5740
263, 5760
264, 5780
265, 5800
266, 5820
267, 5840
268, 5860
269, 5880
270, 5900
271, 5920
272, 5940
273, 5960
274, 5980
275, 6000
