1, 520
2, 540
3, 560
4, 580
5, 600
6, 620
7, 640
8, 660
9, 680
10, 700
11, 720
12, 740
13, 760
14, 780
15, 800
16, 820
17, 840
18, 860
19, 880
20, 900
21, 920
22, 940
23, 960
24, 980
25, 1000
26, 1020
27, 1040
28, 1060
29, 1080
30, 1100
31, 1120
32, 1140
33, 1160
34, 1180
35, 1200
36, 1220
37, 1240
38, 1260
39, 1280
40, 1300
41, 1320
42, 1340
43, 1360
44, 1380
45, 1400
46, 1420
47, 1440
48, 1460
49, 1480
50, 1500
51, 1520
52, 1540
53, 1560
54, 1580
55, 1600
56, 1620
57, 1640
58, 1660
59, 1680
60, 1700
61, 1720
62, 1740
63, 1760
64, 1780
65, 1800
66, 1820
67, 1840
68, 1860
69, 1880
70, 1900
71, 1920
72, 1940
73, 1960
74, 1980
75, 2000
76, 2020
77, 2040
78, 2060
79, 2080
80, 2100
81, 2120
82, 2140
83, 2160
84, 2180
85, 2200
86, 2220
87, 2240
88, 2260
89, 2280
90, 2300
91, 2320
92, 2340
93, 2360
94, 2380
95, 2400
96, 2420
97, 2440
98, 2460
99, 2480
100, 5500
101, 5500
102, 5500
103, 5500
104, 5500
105, 5500
106, 5500
107, 5500
108, 5500
109, 5500
110, 5500
111, 5500
112, 5500
113, 5500
114, 5500
115, 5500
116, 5500
117, 5500
118, 5500
119, 5500
120, 5500
121, 5500
122, 5500
123, 5500
124, 5500
125, 5500
126, 5500
127, 5500
128, 5500
129, 5500
130, 5500
131, 5500
132, 5500
133, 5500
134, 5500
135, 5500
136, 5500
137, 5500
138, 5500
139, 5500
140, 5500
141, 5500
142, 5500
143, 5500
144, 5500
145, 5500
146, 5500
147, 5500
148, 5500
149, 5500
150, 5500
151, 5500
152, 5500
153, 5500
154, 5500
155, 5500
156, 5500
157, 5500
158, 5500
159, 5500
160, 5500
161, 5500
162, 5500
163, 5500
164, 5500
165, 5500
166, 5500
167, 5500
168, 5500
169, 5500
170, 5500
171, 5500
172, 5500
173, 5500
174, 5500
175, 5500
176, 5500
177, 5500
178, 5500
179, 5500
180, 5500
181, 5500
182, 5500
183, 5500
184, 5500
185, 5500
186, 5500
187, 5500
188, 5500
189, 5500
190, 5500
191, 5500
192, 5500
193, 5500
194, 5500
195, 5500
196, 5500
197, 5500
198, 5500
199, 5500
200, 5500
201, 5500
202, 5500
203, 5500
204, 5500
205, 5500
206, 5500
207, 5500
208, 5500
209, 5500
210, 5500
211, 5500
212, 5500
213, 5500
214, 5500
215, 5500
216, 5500
217, 5500
218, 5500
219, 5500
220, 5500
221, 5500
222, 5500
223, 5500
224, 5500
225, 5500
226, 5500
227, 5500
228, 5500
229, 5500
230, 5500
231, 5500
232, 5500
233, 5500
234, 5500
235, 5500
236, 5500
237, 5500
238, 5500
239, 5500
240, 5500
241, 5500
242, 5500
243, 5500
244, 5500
245, 5500
246, 5500
247, 5500
248, 5500
249, 5500
250, 5500
251, 5520
252, 5540
253, 5560
254, 5580
255, 5600
256, 5620
257, 5640
258, 5660
259, 5680
260, 5700
261, 5720
262, 5740
263, 5760
264, 5780
265, 5800
266, 5820
267, 5840
268, 5860
269, 5880
270, 5900
271, 5920
272, 5940
273, 5960
274, 5980
275, 6000
