1, 520
2, 540
3, 560
4, 580
5, 600
6, 620
7, 640
8, 660
9, 680
10, 700
11, 720
12, 740
13, 760
14, 780
15, 800
16, 820
17, 840
18, 860
19, 880
20, 900
21, 920
22, 940
23, 960
24, 980
25, 1000
26, 1020
27, 1040
28, 1060
29, 1080
30, 1100
31, 1120
32, 1140
33, 1160
34, 1180
35, 1200
36, 1220
37, 1240
38, 1260
39, 1280
40, 1300
41, 1320
42, 1340
43, 1360
44, 1380
45, 1400
46, 1420
47, 1440
48, 1460
49, 1480
50, 1500
51, 1520
52, 1540
53, 1560
54, 1580
55, 1600
56, 1620
57, 1640
58, 1660
59, 1680
60, 1700
61, 1720
62, 1740
63, 1760
64, 1780
65, 1800
66, 1820
67, 1840
68, 1860
69, 1880
70, 1900
71, 1920
72, 1940
73, 1960
74, 1980
75, 2000
76, 2020
77, 2040
78, 2060
79, 2080
80, 2100
81, 2120
82, 2140
83, 2160
84, 2180
85, 2200
86, 2220
87, 2240
88, 2260
89, 2280
90, 2300
91, 2320
92, 2340
93, 2360
94, 2380
95, 2400
96, 2420
97, 2440
98, 2460
99, 2480
100, 2500
101, 2520
102, 2540
103, 2560
104, 2580
105, 2600
106, 2620
107, 2640
108, 2660
109, 2680
110, 2700
111, 2720
112, 2740
113, 2760
114, 2780
115, 2800
116, 2820
117, 2840
118, 2860
119, 2880
120, 2900
121, 2920
122, 2940
123, 5960
124, 5960
125, 5960
126, 5960
127, 5960
128, 5960
129, 5960
130, 5960
131, 5960
132, 5960
133, 5960
134, 5960
135, 5960
136, 5960
137, 5960
138, 5960
139, 5960
140, 5960
141, 5960
142, 5960
143, 5960
144, 5960
145, 5960
146, 5960
147, 5960
148, 5960
149, 5960
150, 5960
151, 5960
152, 5960
153, 5960
154, 5960
155, 5960
156, 5960
157, 5960
158, 5960
159, 5960
160, 5960
161, 5960
162, 5960
163, 5960
164, 5960
165, 5960
166, 5960
167, 5960
168, 5960
169, 5960
170, 5960
171, 5960
172, 5960
173, 5960
174, 5960
175, 5960
176, 5960
177, 5960
178, 5960
179, 5960
180, 5960
181, 5960
182, 5960
183, 5960
184, 5960
185, 5960
186, 5960
187, 5960
188, 5960
189, 5960
190, 5960
191, 5960
192, 5960
193, 5960
194, 5960
195, 5960
196, 5960
197, 5960
198, 5960
199, 5960
200, 5960
201, 5960
202, 5960
203, 5960
204, 5960
205, 5960
206, 5960
207, 5960
208, 5960
209, 5960
210, 5960
211, 5960
212, 5960
213, 5960
214, 5960
215, 5960
216, 5960
217, 5960
218, 5960
219, 5960
220, 5960
221, 5960
222, 5960
223, 5960
224, 5960
225, 5960
226, 5960
227, 5960
228, 5960
229, 5960
230, 5960
231, 5960
232, 5960
233, 5960
234, 5960
235, 5960
236, 5960
237, 5960
238, 5960
239, 5960
240, 5960
241, 5960
242, 5960
243, 5960
244, 5960
245, 5960
246, 5960
247, 5960
248, 5960
249, 5960
250, 5960
251, 5960
252, 5960
253, 5960
254, 5960
255, 5960
256, 5960
257, 5960
258, 5960
259, 5960
260, 5960
261, 5960
262, 5960
263, 5960
264, 5960
265, 5960
266, 5960
267, 5960
268, 5960
269, 5960
270, 5960
271, 5960
272, 5960
273, 5960
274, 5980
275, 6000
