1, 520
2, 540
3, 560
4, 580
5, 600
6, 620
7, 640
8, 660
9, 680
10, 700
11, 720
12, 740
13, 760
14, 780
15, 800
16, 820
17, 840
18, 860
19, 880
20, 900
21, 920
22, 940
23, 960
24, 980
25, 1000
26, 1020
27, 1040
28, 4560
29, 4560
30, 4560
31, 4560
32, 4560
33, 4560
34, 4560
35, 4560
36, 4560
37, 4560
38, 4560
39, 4560
40, 4560
41, 4560
42, 4560
43, 4560
44, 4560
45, 4560
46, 4560
47, 4560
48, 4560
49, 4560
50, 4560
51, 4560
52, 4560
53, 4560
54, 4560
55, 4560
56, 4560
57, 4560
58, 4560
59, 4560
60, 4560
61, 4560
62, 4560
63, 4560
64, 4560
65, 4560
66, 4560
67, 4560
68, 4560
69, 4560
70, 4560
71, 4560
72, 4560
73, 4560
74, 4560
75, 4560
76, 4560
77, 4560
78, 4560
79, 4560
80, 4560
81, 4560
82, 4560
83, 4560
84, 4560
85, 4560
86, 4560
87, 4560
88, 4560
89, 4560
90, 4560
91, 4560
92, 4560
93, 4560
94, 4560
95, 4560
96, 4560
97, 4560
98, 4560
99, 4560
100, 4560
101, 4560
102, 4560
103, 4560
104, 4560
105, 4560
106, 4560
107, 4560
108, 4560
109, 4560
110, 4560
111, 4560
112, 4560
113, 4560
114, 4560
115, 4560
116, 4560
117, 4560
118, 4560
119, 4560
120, 4560
121, 4560
122, 4560
123, 4560
124, 4560
125, 4560
126, 4560
127, 4560
128, 4560
129, 4560
130, 4560
131, 4560
132, 4560
133, 4560
134, 4560
135, 4560
136, 4560
137, 4560
138, 4560
139, 4560
140, 4560
141, 4560
142, 4560
143, 4560
144, 4560
145, 4560
146, 4560
147, 4560
148, 4560
149, 4560
150, 4560
151, 4560
152, 4560
153, 4560
154, 4560
155, 4560
156, 4560
157, 4560
158, 4560
159, 4560
160, 4560
161, 4560
162, 4560
163, 4560
164, 4560
165, 4560
166, 4560
167, 4560
168, 4560
169, 4560
170, 4560
171, 4560
172, 4560
173, 4560
174, 4560
175, 4560
176, 4560
177, 4560
178, 4560
179, 4560
180, 4560
181, 4560
182, 4560
183, 4560
184, 4560
185, 4560
186, 4560
187, 4560
188, 4560
189, 4560
190, 4560
191, 4560
192, 4560
193, 4560
194, 4560
195, 4560
196, 4560
197, 4560
198, 4560
199, 4560
200, 4560
201, 4560
202, 4560
203, 4560
204, 4580
205, 4600
206, 4620
207, 4640
208, 4660
209, 4680
210, 4700
211, 4720
212, 4740
213, 4760
214, 4780
215, 4800
216, 4820
217, 4840
218, 4860
219, 4880
220, 4900
221, 4920
222, 4940
223, 4960
224, 4980
225, 5000
226, 5020
227, 5040
228, 5060
229, 5080
230, 5100
231, 5120
232, 5140
233, 5160
234, 5180
235, 5200
236, 5220
237, 5240
238, 5260
239, 5280
240, 5300
241, 5320
242, 5340
243, 5360
244, 5380
245, 5400
246, 5420
247, 5440
248, 5460
249, 5480
250, 5500
251, 5520
252, 5540
253, 5560
254, 5580
255, 5600
256, 5620
257, 5640
258, 5660
259, 5680
260, 5700
261, 5720
262, 5740
263, 5760
264, 5780
265, 5800
266, 5820
267, 5840
268, 5860
269, 5880
270, 5900
271, 5920
272, 5940
273, 5960
274, 5980
275, 6000
