1, 520
2, 540
3, 560
4, 580
5, 600
6, 620
7, 640
8, 660
9, 680
10, 700
11, 720
12, 740
13, 760
14, 780
15, 800
16, 820
17, 840
18, 860
19, 880
20, 900
21, 920
22, 940
23, 960
24, 980
25, 1000
26, 1020
27, 1040
28, 1060
29, 1080
30, 1100
31, 1120
32, 1140
33, 1160
34, 1180
35, 1200
36, 1220
37, 1240
38, 1260
39, 1280
40, 1300
41, 1320
42, 1340
43, 1360
44, 1380
45, 1400
46, 1420
47, 1440
48, 1460
49, 1480
50, 1500
51, 1520
52, 1540
53, 1560
54, 1580
55, 1600
56, 1620
57, 1640
58, 1660
59, 1680
60, 1700
61, 1720
62, 1740
63, 1760
64, 1780
65, 1800
66, 1820
67, 1840
68, 1860
69, 1880
70, 1900
71, 1920
72, 1940
73, 1960
74, 1980
75, 2000
76, 2020
77, 2040
78, 2060
79, 2080
80, 2100
81, 2120
82, 2140
83, 2160
84, 2180
85, 2200
86, 2220
87, 2240
88, 2260
89, 2280
90, 2300
91, 2320
92, 2340
93, 5860
94, 5860
95, 5860
96, 5860
97, 5860
98, 5860
99, 5860
100, 5860
101, 5860
102, 5860
103, 5860
104, 5860
105, 5860
106, 5860
107, 5860
108, 5860
109, 5860
110, 5860
111, 5860
112, 5860
113, 5860
114, 5860
115, 5860
116, 5860
117, 5860
118, 5860
119, 5860
120, 5860
121, 5860
122, 5860
123, 5860
124, 5860
125, 5860
126, 5860
127, 5860
128, 5860
129, 5860
130, 5860
131, 5860
132, 5860
133, 5860
134, 5860
135, 5860
136, 5860
137, 5860
138, 5860
139, 5860
140, 5860
141, 5860
142, 5860
143, 5860
144, 5860
145, 5860
146, 5860
147, 5860
148, 5860
149, 5860
150, 5860
151, 5860
152, 5860
153, 5860
154, 5860
155, 5860
156, 5860
157, 5860
158, 5860
159, 5860
160, 5860
161, 5860
162, 5860
163, 5860
164, 5860
165, 5860
166, 5860
167, 5860
168, 5860
169, 5860
170, 5860
171, 5860
172, 5860
173, 5860
174, 5860
175, 5860
176, 5860
177, 5860
178, 5860
179, 5860
180, 5860
181, 5860
182, 5860
183, 5860
184, 5860
185, 5860
186, 5860
187, 5860
188, 5860
189, 5860
190, 5860
191, 5860
192, 5860
193, 5860
194, 5860
195, 5860
196, 5860
197, 5860
198, 5860
199, 5860
200, 5860
201, 5860
202, 5860
203, 5860
204, 5860
205, 5860
206, 5860
207, 5860
208, 5860
209, 5860
210, 5860
211, 5860
212, 5860
213, 5860
214, 5860
215, 5860
216, 5860
217, 5860
218, 5860
219, 5860
220, 5860
221, 5860
222, 5860
223, 5860
224, 5860
225, 5860
226, 5860
227, 5860
228, 5860
229, 5860
230, 5860
231, 5860
232, 5860
233, 5860
234, 5860
235, 5860
236, 5860
237, 5860
238, 5860
239, 5860
240, 5860
241, 5860
242, 5860
243, 5860
244, 5860
245, 5860
246, 5860
247, 5860
248, 5860
249, 5860
250, 5860
251, 5860
252, 5860
253, 5860
254, 5860
255, 5860
256, 5860
257, 5860
258, 5860
259, 5860
260, 5860
261, 5860
262, 5860
263, 5860
264, 5860
265, 5860
266, 5860
267, 5860
268, 5860
269, 5880
270, 5900
271, 5920
272, 5940
273, 5960
274, 5980
275, 6000
