1, 520
2, 4040
3, 4040
4, 4040
5, 4040
6, 4040
7, 4040
8, 4040
9, 4040
10, 4040
11, 4040
12, 4040
13, 4040
14, 4040
15, 4040
16, 4040
17, 4040
18, 4040
19, 4040
20, 4040
21, 4040
22, 4040
23, 4040
24, 4040
25, 4040
26, 4040
27, 4040
28, 4040
29, 4040
30, 4040
31, 4040
32, 4040
33, 4040
34, 4040
35, 4040
36, 4040
37, 4040
38, 4040
39, 4040
40, 4040
41, 4040
42, 4040
43, 4040
44, 4040
45, 4040
46, 4040
47, 4040
48, 4040
49, 4040
50, 4040
51, 4040
52, 4040
53, 4040
54, 4040
55, 4040
56, 4040
57, 4040
58, 4040
59, 4040
60, 4040
61, 4040
62, 4040
63, 4040
64, 4040
65, 4040
66, 4040
67, 4040
68, 4040
69, 4040
70, 4040
71, 4040
72, 4040
73, 4040
74, 4040
75, 4040
76, 4040
77, 4040
78, 4040
79, 4040
80, 4040
81, 4040
82, 4040
83, 4040
84, 4040
85, 4040
86, 4040
87, 4040
88, 4040
89, 4040
90, 4040
91, 4040
92, 4040
93, 4040
94, 4040
95, 4040
96, 4040
97, 4040
98, 4040
99, 4040
100, 4040
101, 4040
102, 4040
103, 4040
104, 4040
105, 4040
106, 4040
107, 4040
108, 4040
109, 4040
110, 4040
111, 4040
112, 4040
113, 4040
114, 4040
115, 4040
116, 4040
117, 4040
118, 4040
119, 4040
120, 4040
121, 4040
122, 4040
123, 4040
124, 4040
125, 4040
126, 4040
127, 4040
128, 4040
129, 4040
130, 4040
131, 4040
132, 4040
133, 4040
134, 4040
135, 4040
136, 4040
137, 4040
138, 4040
139, 4040
140, 4040
141, 4040
142, 4040
143, 4040
144, 4040
145, 4040
146, 4040
147, 4040
148, 4040
149, 4040
150, 4040
151, 4040
152, 4040
153, 4040
154, 4040
155, 4040
156, 4040
157, 4040
158, 4040
159, 4040
160, 4040
161, 4040
162, 4040
163, 4040
164, 4040
165, 4040
166, 4040
167, 4040
168, 4040
169, 4040
170, 4040
171, 4040
172, 4040
173, 4040
174, 4040
175, 4040
176, 4040
177, 4040
178, 4060
179, 4080
180, 4100
181, 4120
182, 4140
183, 4160
184, 4180
185, 4200
186, 4220
187, 4240
188, 4260
189, 4280
190, 4300
191, 4320
192, 4340
193, 4360
194, 4380
195, 4400
196, 4420
197, 4440
198, 4460
199, 4480
200, 4500
201, 4520
202, 4540
203, 4560
204, 4580
205, 4600
206, 4620
207, 4640
208, 4660
209, 4680
210, 4700
211, 4720
212, 4740
213, 4760
214, 4780
215, 4800
216, 4820
217, 4840
218, 4860
219, 4880
220, 4900
221, 4920
222, 4940
223, 4960
224, 4980
225, 5000
226, 5020
227, 5040
228, 5060
229, 5080
230, 5100
231, 5120
232, 5140
233, 5160
234, 5180
235, 5200
236, 5220
237, 5240
238, 5260
239, 5280
240, 5300
241, 5320
242, 5340
243, 5360
244, 5380
245, 5400
246, 5420
247, 5440
248, 5460
249, 5480
250, 5500
251, 5520
252, 5540
253, 5560
254, 5580
255, 5600
256, 5620
257, 5640
258, 5660
259, 5680
260, 5700
261, 5720
262, 5740
263, 5760
264, 5780
265, 5800
266, 5820
267, 5840
268, 5860
269, 5880
270, 5900
271, 5920
272, 5940
273, 5960
274, 5980
275, 6000
