1, 520
2, 540
3, 560
4, 580
5, 600
6, 620
7, 640
8, 660
9, 680
10, 700
11, 720
12, 740
13, 760
14, 780
15, 800
16, 820
17, 840
18, 860
19, 880
20, 900
21, 920
22, 940
23, 960
24, 980
25, 1000
26, 1020
27, 1040
28, 1060
29, 1080
30, 1100
31, 1120
32, 1140
33, 1160
34, 1180
35, 1200
36, 1220
37, 1240
38, 1260
39, 1280
40, 1300
41, 1320
42, 1340
43, 1360
44, 1380
45, 1400
46, 1420
47, 1440
48, 1460
49, 1480
50, 1500
51, 1520
52, 1540
53, 1560
54, 1580
55, 1600
56, 1620
57, 1640
58, 1660
59, 1680
60, 1700
61, 1720
62, 1740
63, 1760
64, 1780
65, 1800
66, 1820
67, 1840
68, 1860
69, 1880
70, 1900
71, 1920
72, 1940
73, 1960
74, 1980
75, 2000
76, 2020
77, 2040
78, 2060
79, 2080
80, 2100
81, 2120
82, 2140
83, 2160
84, 2180
85, 2200
86, 2220
87, 2240
88, 2260
89, 5780
90, 5780
91, 5780
92, 5780
93, 5780
94, 5780
95, 5780
96, 5780
97, 5780
98, 5780
99, 5780
100, 5780
101, 5780
102, 5780
103, 5780
104, 5780
105, 5780
106, 5780
107, 5780
108, 5780
109, 5780
110, 5780
111, 5780
112, 5780
113, 5780
114, 5780
115, 5780
116, 5780
117, 5780
118, 5780
119, 5780
120, 5780
121, 5780
122, 5780
123, 5780
124, 5780
125, 5780
126, 5780
127, 5780
128, 5780
129, 5780
130, 5780
131, 5780
132, 5780
133, 5780
134, 5780
135, 5780
136, 5780
137, 5780
138, 5780
139, 5780
140, 5780
141, 5780
142, 5780
143, 5780
144, 5780
145, 5780
146, 5780
147, 5780
148, 5780
149, 5780
150, 5780
151, 5780
152, 5780
153, 5780
154, 5780
155, 5780
156, 5780
157, 5780
158, 5780
159, 5780
160, 5780
161, 5780
162, 5780
163, 5780
164, 5780
165, 5780
166, 5780
167, 5780
168, 5780
169, 5780
170, 5780
171, 5780
172, 5780
173, 5780
174, 5780
175, 5780
176, 5780
177, 5780
178, 5780
179, 5780
180, 5780
181, 5780
182, 5780
183, 5780
184, 5780
185, 5780
186, 5780
187, 5780
188, 5780
189, 5780
190, 5780
191, 5780
192, 5780
193, 5780
194, 5780
195, 5780
196, 5780
197, 5780
198, 5780
199, 5780
200, 5780
201, 5780
202, 5780
203, 5780
204, 5780
205, 5780
206, 5780
207, 5780
208, 5780
209, 5780
210, 5780
211, 5780
212, 5780
213, 5780
214, 5780
215, 5780
216, 5780
217, 5780
218, 5780
219, 5780
220, 5780
221, 5780
222, 5780
223, 5780
224, 5780
225, 5780
226, 5780
227, 5780
228, 5780
229, 5780
230, 5780
231, 5780
232, 5780
233, 5780
234, 5780
235, 5780
236, 5780
237, 5780
238, 5780
239, 5780
240, 5780
241, 5780
242, 5780
243, 5780
244, 5780
245, 5780
246, 5780
247, 5780
248, 5780
249, 5780
250, 5780
251, 5780
252, 5780
253, 5780
254, 5780
255, 5780
256, 5780
257, 5780
258, 5780
259, 5780
260, 5780
261, 5780
262, 5780
263, 5780
264, 5780
265, 5800
266, 5820
267, 5840
268, 5860
269, 5880
270, 5900
271, 5920
272, 5940
273, 5960
274, 5980
275, 6000
