1, 520
2, 540
3, 560
4, 580
5, 600
6, 620
7, 640
8, 660
9, 680
10, 700
11, 720
12, 740
13, 760
14, 780
15, 800
16, 820
17, 840
18, 860
19, 880
20, 900
21, 920
22, 940
23, 960
24, 980
25, 1000
26, 1020
27, 1040
28, 1060
29, 1080
30, 1100
31, 1120
32, 1140
33, 1160
34, 1180
35, 1200
36, 1220
37, 1240
38, 1260
39, 1280
40, 1300
41, 1320
42, 1340
43, 1360
44, 1380
45, 1400
46, 1420
47, 1440
48, 1460
49, 1480
50, 1500
51, 1520
52, 1540
53, 1560
54, 1580
55, 1600
56, 1620
57, 1640
58, 1660
59, 1680
60, 1700
61, 1720
62, 1740
63, 1760
64, 1780
65, 1800
66, 1820
67, 1840
68, 1860
69, 1880
70, 1900
71, 1920
72, 1940
73, 1960
74, 1980
75, 2000
76, 2020
77, 2040
78, 2060
79, 2080
80, 2100
81, 2120
82, 2140
83, 2160
84, 2180
85, 2200
86, 2220
87, 2240
88, 2260
89, 2280
90, 2300
91, 2320
92, 2340
93, 2360
94, 2380
95, 2400
96, 2420
97, 2440
98, 2460
99, 2480
100, 2500
101, 2520
102, 2540
103, 2560
104, 2580
105, 2600
106, 2620
107, 2640
108, 2660
109, 2680
110, 2700
111, 2720
112, 2740
113, 2760
114, 2780
115, 2800
116, 2820
117, 2840
118, 2860
119, 2880
120, 2900
121, 2920
122, 2940
123, 2960
124, 2980
125, 3000
126, 5520
127, 5520
128, 5520
129, 5520
130, 5520
131, 5520
132, 5520
133, 5520
134, 5520
135, 5520
136, 5520
137, 5520
138, 5520
139, 5520
140, 5520
141, 5520
142, 5520
143, 5520
144, 5520
145, 5520
146, 5520
147, 5520
148, 5520
149, 5520
150, 5520
151, 5520
152, 5520
153, 5520
154, 5520
155, 5520
156, 5520
157, 5520
158, 5520
159, 5520
160, 5520
161, 5520
162, 5520
163, 5520
164, 5520
165, 5520
166, 5520
167, 5520
168, 5520
169, 5520
170, 5520
171, 5520
172, 5520
173, 5520
174, 5520
175, 5520
176, 5520
177, 5520
178, 5520
179, 5520
180, 5520
181, 5520
182, 5520
183, 5520
184, 5520
185, 5520
186, 5520
187, 5520
188, 5520
189, 5520
190, 5520
191, 5520
192, 5520
193, 5520
194, 5520
195, 5520
196, 5520
197, 5520
198, 5520
199, 5520
200, 5520
201, 5520
202, 5520
203, 5520
204, 5520
205, 5520
206, 5520
207, 5520
208, 5520
209, 5520
210, 5520
211, 5520
212, 5520
213, 5520
214, 5520
215, 5520
216, 5520
217, 5520
218, 5520
219, 5520
220, 5520
221, 5520
222, 5520
223, 5520
224, 5520
225, 5520
226, 5520
227, 5520
228, 5520
229, 5520
230, 5520
231, 5520
232, 5520
233, 5520
234, 5520
235, 5520
236, 5520
237, 5520
238, 5520
239, 5520
240, 5520
241, 5520
242, 5520
243, 5520
244, 5520
245, 5520
246, 5520
247, 5520
248, 5520
249, 5520
250, 5520
251, 5520
252, 5540
253, 5560
254, 5580
255, 5600
256, 5620
257, 5640
258, 5660
259, 5680
260, 5700
261, 5720
262, 5740
263, 5760
264, 5780
265, 5800
266, 5820
267, 5840
268, 5860
269, 5880
270, 5900
271, 5920
272, 5940
273, 5960
274, 5980
275, 6000
